25 25
1.0 15000.
1.0 15000.
1.0 15000.
1.0 15000.
1.0 15000.
1.0 15000.
1.0 15000.
1.0 15000.
1.0 15000.
1.0 15000.
1.0 15000.
1.0 15000.
1.0 15000.
1.0 15000.
1.0 15000.
1.0 15000.
1.0 15000.
1.0 15000.
1.0 15000.
1.0 15000.
1.0 15000.
1.0 15000.
1.0 15000.
1.0 15000.
1.0 15000.
92 15980.91 5967.34 14612.35 17643.34 11420.35 4916.07
16798.87 5892.79 13233.49 10232.72 10409.35 12975.34 15880.16
13052.25 5282.88 7968.04 9206.62 12100.62 6334.95 17915.79
17627.12 9231.35 19069.69 8011.86 9156.21 23 5571.36
7615.58 3412.48 8151.39 3961.56 6444.78 10373.17 5697.98
11332.59 1471.95 6192.95 2796.29 5103.77 8060.0 6498.18
10584.63 3637.16 5922.09 7905.44 6959.15 8702.42 6356.52
7996.71 9240.69 2178.55 221 7168.31 5526.0 7995.88
15037.57 3315.55 8600.65 5314.03 8852.7 4159.98 5986.82
12516.5 9913.1 7694.24 1582.92 6689.69 5711.21 4230.93
1689.33 12046.3 12813.32 6851.85 2299.27 10652.18 14081.63
7200.83 405 9795.98 4662.33 8048.84 11410.47 5994.36
1779.86 12589.32 1210.09 11285.38 3811.35 5562.24 6383.01
9529.9 9237.46 2695.63 8268.23 3807.7 7471.56 4296.86
11270.74 12191.53 5758.9 12599.2 6301.53 2493.58 80
5807.89 13153.96 3618.2 4123.62 8336.55 11646.79 12705.27
10704.6 15578.45 6974.18 8419.42 3672.47 4897.78 11862.01
12024.75 15931.05 9005.04 9945.16 11946.16 1401.38 9474.58
11461.99 5265.04 12472.8 7497.52 237 6092.79 8982.9
3448.51 6613.97 5470.6 7208.63 11630.45 6294.31 12888.62
2995.7 5379.8 1226.15 5430.26 9547.32 7656.67 12082.32
5174.89 7414.17 7931.41 5817.54 9563.5 7922.23 7874.31
8924.04 3081.26 213 7996.6 8434.76 5439.92 7205.61
6418.87 5807.36 13006.71 4767.1 13501.37 3454.14 3542.05
2391.76 7387.76 10488.35 6761.47 11835.74 5370.87 8369.36
5978.66 7348.13 11315.71 8150.48 9879.43 6916.33 2473.25
55 5058.65 15651.38 7315.58 12495.34 9623.15 16521.42
8186.23 16016.17 13485.41 11046.44 16069.72 10946.56 5425.82
10160.02 15691.79 16760.43 11764.02 9621.09 18433.73 8720.39
4468.69 12569.53 3419.96 19658.68 12555.74 390 1609.27
12523.35 3740.53 9951.7 6463.75 12998.26 7560.97 12444.88
11844.17 7489.47 12536.92 7477.65 1808.98 8140.39 12326.25
14126.58 8425.33 6977.72 14817.31 6375.62 3836.08 9676.55
2081.72 16054.56 8959.84 473 11701.37 786.93 11052.49
16081.4 6855.55 4374.36 11496.87 5314.59 8038.97 6876.94
10526.29 10760.35 11823.91 7748.25 2336.23 3487.03 5048.03
7050.55 8016.78 15246.02 12694.48 4047.62 15083.83 10202.06
6634.05 91 17173.58 7262.86 15713.48 18367.52 12666.69
5923.9 18094.87 6807.18 14474.96 11358.28 10927.33 13884.24
17043.26 14348.12 6524.09 9141.28 10433.2 13385.82 6694.18
18845.43 18894.94 10526.17 20208.6 8097.71 10196.77 475
8960.77 8821.03 6358.47 7197.71 7330.4 5750.78 13966.43
4648.52 14284.39 4334.63 2554.68 3007.64 8331.2 11371.42
7005.29 12316.85 6117.23 9266.78 5326.31 7826.7 12302.13
8852.75 10726.19 6055.74 3124.35 168 15118.04 4353.43
14651.98 19609.94 10260.25 7158.36 13793.36 8258.14 9124.28
10508.91 13536.51 14340.59 15315.51 10191.89 5666.85 3598.35
8638.41 10068.86 10273.92 18876.78 15661.15 7097.16 18562.87
12327.94 10194.87 138 3823.54 10375.91 6279.01 13672.21
4962.62 12322.11 3124.55 12152.22 7583.12 7564.18 14063.3
9758.94 4718.11 4188.63 10937.31 10926.15 7238.45 4080.82
15097.6 10470.73 1617.95 7093.54 6532.8 16797.0 9218.69
150 13770.51 3278.76 12721.11 16754.08 9041.54 3907.17
14107.55 5032.26 10543.3 8346.37 10228.1 11690.73 13772.17
10358.17 3132.18 5441.22 6950.07 9521.34 6828.8 16484.75
15119.67 6582.29 17016.21 8891.73 7602.56 284 11221.14
3400.85 9766.81 13399.74 6899.78 898.54 13025.42 1855.41
10812.17 5390.24 7139.35 8373.08 11069.82 9425.83 1334.61
6955.04 4610.26 7985.05 4621.86 13230.15 13199.96 5609.53
14236.47 6809.21 4366.49 443 3549.75 7399.14 3412.13
10504.35 1488.05 8103.03 7064.74 7741.02 8679.36 2928.55
9459.9 5661.5 3654.41 5076.74 7199.5 9400.34 3277.83
3029.76 10533.66 8213.36 5708.68 4827.4 6907.77 12161.53
4587.37 266 12159.3 15306.49 9439.24 3368.26 12791.6
11997.4 18641.34 10872.78 20193.2 10138.46 5886.56 6187.98
11271.88 16856.86 13472.75 18774.05 12234.79 14729.19 10149.55
6889.06 15909.61 15033.35 12025.38 9410.17 9426.11 272
8437.97 10610.67 10616.5 18100.8 7484.25 13876.79 1674.94
14078.92 4433.44 10491.84 17247.08 13678.39 9303.99 3738.85
11958.45 9548.69 9230.53 5611.55 17256.59 15068.8 5588.63
7557.6 11118.92 19234.45 11980.73 262 8246.09 3477.52
8408.77 14861.53 3567.7 6741.72 7367.29 7132.22 5142.84
5327.86 11310.64 9524.45 8589.85 3627.74 4717.03 4363.95
3201.54 3004.77 10320.69 13110.36 8628.19 421.46 11752.43
12424.03 6145.93 184 14355.76 13206.8 11586.21 8406.3
13024.49 9092.46 19690.9 8107.01 19677.99 10016.97 3280.72
7789.01 13614.09 17009.0 11121.0 16825.54 11570.68 14935.76
6004.89 11100.43 17881.43 14129.16 15426.62 4496.17 8603.37
221 11852.91 5010.29 10067.17 12744.52 7913.06 725.36
14324.25 986.95 12390.52 5868.96 5904.56 8065.19 11584.42
10814.67 2945.63 8533.0 5649.31 9223.09 3007.61 13023.15
14173.37 7081.25 14633.82 5195.61 4487.27 455 8470.71
7940.32 6007.39 7846.07 6475.27 5116.18 13169.46 4059.15
13352.03 3467.96 3299.72 3118.76 7908.74 10484.26 6184.55
11407.24 5182.3 8393.7 5297.7 8076.77 11676.66 7911.2
10503.46 6351.81 2183.79 486 11271.21 3445.09 11513.79
17761.46 6676.71 7731.06 8999.04 8490.5 4566.5 8156.53
13373.14 12373.22 11665.19 5486.81 5513.41 1387.07 5978.25
5829.87 11454.79 16185.84 11155.98 3378.53 14783.84 13643.14
8622.68 78 9294.38 4216.64 9820.45 16492.96 4958.0
8074.6 7000.35 8595.99 3599.78 7011.05 12974.09 11186.45
9756.25 3380.42 5916.99 3521.5 4902.61 3796.78 11746.9
14591.49 9021.62 2116.55 12798.47 13889.96 7845.03
