10 30
15000.0 1.0
15000.0 1.0
15000.0 1.0
15000.0 1.0
15000.0 1.0
15000.0 1.0
15000.0 1.0
15000.0 1.0
15000.0 1.0
15000.0 1.0
117 639.29 378.42 408.41 1015.93 169.92 434.27
748.73 816.41 65.14 780.75 450 535.55 312.42
334.06 755.54 150.43 412.5 785.47 767.25 316.39
780.9 363 65.8 895.4 263.2 733.2 687.54
236.6 332.41 190.15 640.52 263.12 285 488.5
839.69 382.65 1122.16 606.1 299.77 329.54 507.65
414.83 404.87 121 485.45 415.68 255.42 863.2
182.9 302.93 656.98 684.05 179.12 670.04 86
231.93 849.48 231.97 896.22 620.5 143.47 231.64
275.75 512.44 232.36 203 411.89 580.5 358.54
436.91 477.74 450.31 781.83 661.65 605.17 734.27
35 629.91 819.58 662.75 132.36 778.21 745.72
1023.31 844.31 928.97 952.66 117 273.87 578.29
75.17 705.17 373.94 169.11 538.26 499.57 381.89
520.36 136 330.09 1158.26 518.37 913.86 941.71
462.52 266.58 81.59 858.22 164.72 481 293.84
633.79 261.52 490.91 488.91 347.15 664.82 544.6
570.8 615.7 229 362.63 1069.58 561.32 474.34
916.99 586.87 676.94 440.32 950.51 579.54 345
264.5 1107.2 472.2 829.38 897.51 429.26 312.97
68.76 833.13 208.34 473 81.68 775.52 187.48
626.78 583.4 218.92 459.48 333.63 580.38 403.19
102 347.8 1122.12 486.77 989.09 896.23 413.22
141.42 128.3 785.83 49.45 387 464.84 383.37
269.48 715.25 210.16 353.07 727.49 698.91 332.48
717.72 114 748.15 158.37 526.19 965.43 100.88
582.99 934.12 961.44 285.24 950.55 374 290.96
558.2 101.5 690.67 359.06 195.38 564.43 521.57
382.58 545.45 166 679.75 286.56 449.8 990.91
97.69 491.19 825.03 874.49 157.01 849.98 145
430.34 714.5 450.84 303.35 621.66 533.08 821.64
661.83 742.05 757.96 164 172.79 976.23 336.03
829.51 759.14 281.89 238.0 101.95 683.13 157.9
323 311.33 1113.28 473.64 936.95 891.69 408.61
192.91 72.51 795.73 89.22 272 381.21 1228.07
595.74 877.06 1020.84 553.7 389.31 178.43 957.03
288.04 358 542.9 448.26 313.63 966.3 216.73
333.07 650.25 714.57 82.15 679.5 428 253.21
741.18 309.92 445.03 594.49 378.55 644.89 489.26
660.4 581.05 308 52.54 870.05 237.85 727.84
662.05 214.18 340.87 213.46 616.87 277.7 400
346.45 601.06 297.61 471.36 472.5 387.39 714.78
597.21 575.48 667.48 206 429.72 1020.4 589.18
336.27 893.81 634.55 784.44 558.98 960.83 692.53
458 256.28 1094.0 456.8 840.9 882.01 410.18
288.18 42.86 812.81 183.86 291 521.52 326.64
322.61 742.24 165.49 402.75 776.38 754.52 323.99
770.15
