10 30
1.0 10510.06
1.0 29840.12
1.0 97494.28
1.0 17142.47
1.0 85503.93
1.0 32672.31
1.0 94889.82
1.0 54413.89
1.0 82482.16
1.0 90896.98
316 10294.95 9173.07 7897.49 6966.57 8763.1 5724.67
14781.5 4747.06 14741.38 6064.72 448 5923.85 9104.54
3414.99 4845.42 5948.6 7250.72 11282.39 6362.56 12631.2
3788.21 271 818.57 9912.92 1820.13 8077.02 4563.75
10094.27 7033.48 9569.6 10168.44 5140.36 434 6170.19
6360.08 7399.32 13972.62 3680.37 9103.79 3365.29 9283.41
3395.54 6318.44 428 9632.05 1889.36 8607.08 12519.54
5513.27 1995.43 10706.89 2715.13 8518.35 4681.06 400
11301.67 3249.18 11398.6 16776.01 7103.88 7042.13 9261.91
7838.85 4970.52 8179.78 482 6123.52 3851.19 5397.45
10576.05 2057.14 4562.82 7885.61 4478.11 7333.5 1956.0
339 4939.39 5650.29 5701.78 12142.46 1762.54 7719.01
4594.38 7750.53 5071.35 4427.04 429 12073.73 7193.89
10066.96 10760.77 9160.14 3346.04 15147.19 2869.41 13774.21
6840.67 406 5966.68 13061.91 4325.16 3390.19 8648.04
11671.92 12201.62 10808.86 15053.68 7515.41 364 3366.24
10709.28 5849.26 12204.22 5655.19 12255.72 3517.7 12028.16
8093.1 7745.13 75 7274.31 2974.39 7307.79 13012.88
3001.36 5727.67 6817.64 6051.37 4990.63 4434.96 336
3152.75 12838.19 4117.43 8160.37 7458.95 12880.49 8508.31
12280.4 12497.03 7944.22 387 13284.42 9159.17 11083.84
10564.28 10780.8 5307.5 16839.36 4755.01 15696.91 8289.69
269 6750.79 5432.54 5008.57 8481.08 4071.43 3835.5
10156.9 3167.33 10031.44 1488.92 475 14343.55 5355.95
13115.21 15835.66 10250.26 4412.38 15077.71 5289.03 11877.62
9184.31 338 5000.54 6835.32 3062.84 7316.22 3555.67
5784.46 9310.36 5114.18 10171.49 1321.14 315 6433.87
4959.82 7176.65 13496.87 2975.85 7719.45 4769.57 7945.68
3733.76 5373.43 322 8792.32 4184.65 7224.18 10241.39
5380.19 1597.5 11299.46 1086.11 10129.12 3420.85 150
5212.83 11806.25 3247.49 3701.12 7482.41 10453.5 11403.53
9607.84 13982.33 6259.63 103 5468.55 8062.54 3095.19
5936.32 4910.1 6470.06 10438.83 5649.41 11568.09 2688.77
469 7177.3 7570.56 4882.56 6467.35 5761.21 5212.35
11674.09 4278.68 12118.07 3100.24 156 4540.35 14047.79
6566.05 11215.11 8637.2 14828.69 7347.5 14375.21 12103.74
9914.66 427 1444.39 11240.25 3357.28 8932.08 5801.49
11666.5 6786.29 11169.82 10630.65 6722.12 379 10502.48
706.3 9920.09 14433.75 6153.15 3926.18 10318.94 4770.07
7215.32 6172.35 334 15414.03 6518.73 14103.52 16485.64
11368.9 5316.96 16240.93 6109.73 12991.91 10194.55 355
8042.68 7917.26 5707.0 6460.26 6579.35 5161.57 12535.47
4172.25 12820.85 3890.52 435 13569.09 3907.39 13150.79
17600.76 9209.02 6424.94 12380.13 7412.03 8189.44 9432.2
134 3431.79 9312.83 5635.68 12271.4 4454.16 11059.63
2804.42 10907.15 6806.18 6789.18 495 12359.62 2942.82
11417.74 15037.51 8115.17 3506.85 12662.13 4516.67 9463.07
7491.23
