80 150
15000.0 1.0
15000.0 1.0
15000.0 1.0
15000.0 1.0
15000.0 1.0
15000.0 1.0
15000.0 1.0
15000.0 1.0
15000.0 1.0
15000.0 1.0
15000.0 1.0
15000.0 1.0
15000.0 1.0
15000.0 1.0
15000.0 1.0
15000.0 1.0
15000.0 1.0
15000.0 1.0
15000.0 1.0
15000.0 1.0
15000.0 1.0
15000.0 1.0
15000.0 1.0
15000.0 1.0
15000.0 1.0
15000.0 1.0
15000.0 1.0
15000.0 1.0
15000.0 1.0
15000.0 1.0
15000.0 1.0
15000.0 1.0
15000.0 1.0
15000.0 1.0
15000.0 1.0
15000.0 1.0
15000.0 1.0
15000.0 1.0
15000.0 1.0
15000.0 1.0
15000.0 1.0
15000.0 1.0
15000.0 1.0
15000.0 1.0
15000.0 1.0
15000.0 1.0
15000.0 1.0
15000.0 1.0
15000.0 1.0
15000.0 1.0
15000.0 1.0
15000.0 1.0
15000.0 1.0
15000.0 1.0
15000.0 1.0
15000.0 1.0
15000.0 1.0
15000.0 1.0
15000.0 1.0
15000.0 1.0
15000.0 1.0
15000.0 1.0
15000.0 1.0
15000.0 1.0
15000.0 1.0
15000.0 1.0
15000.0 1.0
15000.0 1.0
15000.0 1.0
15000.0 1.0
15000.0 1.0
15000.0 1.0
15000.0 1.0
15000.0 1.0
15000.0 1.0
15000.0 1.0
15000.0 1.0
15000.0 1.0
15000.0 1.0
15000.0 1.0
380 320.78 552.75 949.73 412.53 655.05 735.68
508.88 603.22 159.59 327.26 581.07 108.16 587.85
841.7 852.04 393.93 318.45 390.0 577.76 104.82
969.9 507.57 902.65 437.24 803.81 761.7 755.42
1006.89 691.31 613.18 117.79 979.13 455.49 747.23
910.05 266.58 320.76 733.16 836.57 738.62 470.95
577.04 791.32 381.38 803.77 747.93 1014.12 925.15
503.48 627.01 592.19 540.78 498.2 181.64 929.39
205.35 384.47 48.33 28.33 482.15 736.91 856.01
848.65 110.39 659.73 975.78 433.87 437.1 228.28
893.64 602.17 430.06 957.97 704.34 332.17 625.27
579.55 907.76 654.1 640.8 397 701.91 480.81
114.9 724.81 813.64 296.34 812.71 482.94 862.36
752.41 495.81 900.94 754.55 226.54 150.31 678.96
827.62 735.21 415.29 986.32 510.23 749.05 93.27
884.74 198.0 272.72 505.1 380.99 691.41 606.4
897.21 197.62 537.54 364.56 518.24 895.48 761.7
369.07 494.1 497.64 551.92 507.12 569.7 730.07
502.41 252.92 425.75 345.62 974.05 683.32 430.4
866.48 614.42 1032.72 87.33 788.26 652.32 976.4
967.98 577.22 574.91 535.76 556.09 890.14 391.44
477.87 563.48 651.64 806.71 217.15 644.12 905.12
437.55 655.91 674.88 865.41 845.12 336.11 816.21
668.68 337 389.59 556.34 828.21 534.22 391.29
608.36 672.04 629.45 321.1 145.76 417.3 291.57
332.08 802.32 778.07 219.96 76.94 514.23 513.08
174.13 1014.55 257.44 817.8 629.26 734.7 634.33
547.28 1013.22 444.16 392.62 172.62 834.23 409.19
747.62 693.4 469.14 447.88 572.36 626.12 788.64
347.34 609.61 565.78 500.91 855.82 684.15 817.81
927.31 247.03 384.02 467.77 273.63 572.8 441.93
853.33 233.96 443.68 300.92 268.66 527.15 512.63
636.09 915.2 198.67 650.88 767.93 358.79 519.13
135.49 750.43 371.5 629.51 983.88 463.68 251.13
358.34 313.29 907.67 390.11 749.85 491 685.29
468.93 82.2 714.83 779.91 265.8 808.16 476.61
843.77 724.89 465.21 881.2 721.44 231.16 141.87
650.8 799.21 724.31 394.95 962.17 529.59 717.11
84.31 877.42 186.66 241.57 470.92 404.48 657.42
573.37 873.91 168.81 516.81 365.98 485.3 881.87
747.95 335.88 460.16 502.55 525.23 499.82 535.52
718.58 511.77 239.27 396.54 363.5 942.14 649.86
402.55 833.92 606.1 1016.3 94.91 766.4 637.6
956.24 946.93 565.87 540.75 502.0 568.18 867.61
384.34 446.71 540.13 640.73 781.61 183.21 611.09
897.51 457.11 621.86 650.59 831.97 812.1 352.51
782.49 669.61 113 596.37 427.08 134.72 666.92
577.18 109.57 789.53 468.33 736.24 560.97 285.8
765.35 521.51 323.26 218.6 484.05 627.96 670.28
304.78 816.26 655.21 523.91 205.8 839.64 222.67
85.81 268.27 555.6 454.11 374.37 735.03 136.29
410.17 415.63 306.82 805.04 674.84 138.26 266.59
555.58 373.91 483.29 335.82 661.1 587.73 237.0
269.55 492.34 748.16 448.34 250.66 636.59 574.67
918.54 248.38 639.69 563.62 836.02 821.18 518.32
337.81 311.2 654.92 733.9 383.59 292.81 412.87
591.0 632.79 50.92 411.88 857.37 587.28 418.54
511.07 630.27 612.39 475.76 579.79 689.42 245
151.29 362.26 825.8 155.18 761.4 638.16 245.81
386.64 121.42 401.3 548.03 167.2 677.56 652.85
691.3 428.0 446.13 133.89 444.83 345.19 722.39
597.18 747.61 191.25 643.0 661.02 748.85 778.16
752.39 641.83 276.13 877.17 338.98 535.53 901.86
58.5 80.3 671.79 825.29 496.11 425.93 358.98
806.17 129.81 557.53 588.05 970.54 701.99 682.04
687.53 515.34 676.64 260.05 201.03 764.76 216.68
189.02 221.44 239.89 270.13 755.16 856.77 594.8
248.62 463.62 950.39 354.73 203.6 318.93 796.34
646.66 192.29 719.88 752.24 314.81 752.25 703.96
686.79 761.41 377.83 32 470.17 296.3 216.48
535.68 573.24 46.42 658.84 341.85 616.69 476.83
225.78 649.28 502.57 254.45 177.07 403.09 551.76
539.33 175.11 717.19 577.06 484.35 201.46 708.31
151.61 51.38 304.79 500.28 463.69 356.71 630.97
257.68 287.13 311.27 394.85 677.38 545.98 145.86
335.83 444.91 277.4 354.96 382.32 530.36 485.48
135.57 391.57 425.12 707.66 439.31 154.56 606.24
443.78 796.51 241.89 528.08 434.28 722.23 710.01
386.97 365.17 381.7 555.33 626.68 262.18 401.66
299.37 459.71 535.3 178.26 393.4 726.08 515.07
432.93 406.22 617.6 590.64 406.18 575.52 565.34
98 312.33 459.63 734.44 462.14 384.16 514.1
607.64 534.48 284.0 51.19 329.03 269.87 308.78
701.93 678.63 128.38 59.68 443.87 412.69 218.6
918.78 226.85 719.29 576.96 634.88 540.31 479.66
914.01 407.42 331.41 168.46 745.29 309.98 648.92
631.67 429.46 382.6 485.53 560.38 695.11 249.0
515.83 509.34 429.9 761.99 584.0 746.02 828.05
302.31 342.72 371.47 288.46 487.46 437.77 754.24
172.32 360.18 304.36 275.71 437.27 455.0 576.14
823.06 185.64 552.05 701.55 258.58 437.36 71.13
660.58 318.13 580.31 886.26 419.81 153.15 366.7
318.51 808.33 383.69 668.15 121 429.16 291.89
640.31 319.2 986.56 571.88 296.15 212.88 570.69
700.96 639.03 622.39 898.88 363.2 461.61 671.58
778.55 341.38 421.36 786.68 255.44 840.08 513.15
393.54 432.35 578.73 807.98 347.94 915.55 788.76
697.78 725.52 442.92 232.56 920.74 501.49 409.19
661.18 856.22 91.75 568.4 219.56 885.21 348.86
107.64 406.16 912.52 297.42 1013.62 866.35 550.35
957.27 240.19 662.82 502.03 588.38 369.09 689.67
701.83 285.0 852.62 900.72 122.04 674.87 267.86
929.24 501.97 298.93 675.82 674.89 814.75 414.71
272.4 895.95 574.55 1006.98 964.61 291.81 987.9
112.01 138 339.16 556.86 1018.26 333.01 868.1
824.84 355.27 577.18 214.57 513.99 714.51 214.58
792.24 846.2 886.04 562.14 531.59 315.53 635.75
344.67 888.64 710.04 942.28 260.63 837.71 848.6
909.57 958.28 883.42 785.98 324.91 1066.55 524.08
725.31 1065.08 143.12 274.61 849.76 988.81 671.44
592.69 549.64 959.16 315.91 728.13 782.67 1146.34
885.72 738.99 817.66 694.95 763.81 446.0 60.22
959.48 336.09 383.34 197.12 229.66 463.65 905.98
1016.09 755.53 301.78 657.14 1120.19 529.84 393.98
415.03 984.36 783.67 244.83 894.63 889.68 463.83
846.27 798.85 871.65 867.55 526.99 72 466.17
428.27 440.31 592.69 297.99 241.66 742.97 503.95
551.01 292.66 77.34 562.78 225.68 523.82 454.06
219.63 342.32 585.47 295.53 560.55 826.5 217.8
473.22 757.29 425.96 262.09 144.67 768.47 201.51
80.84 495.94 426.57 305.38 542.49 300.6 663.74
557.45 167.92 225.14 650.62 184.81 502.23 199.05
572.24 705.91 395.77 403.64 688.39 442.45 164.49
168.5 333.66 545.8 733.07 515.58 432.43 467.35
620.22 597.44 478.76 150.71 250.88 776.64 503.7
461.24 362.87 263.09 529.08 385.4 347.75 116.57
769.38 771.84 179.76 301.44 340.6 314.6 668.53
300.14 714.66 229 921.48 763.18 328.59 1001.72
688.68 438.6 1125.58 801.9 1048.09 821.96 553.61
1070.51 674.05 611.92 505.19 747.02 870.56 1004.15
637.92 1089.48 925.06 714.43 461.64 1174.88 530.6
418.93 403.35 798.47 564.81 559.45 1019.89 238.57
733.79 730.61 284.96 1131.26 1004.14 405.67 331.09
872.42 668.48 818.15 410.73 994.43 893.61 561.18
134.16 758.63 913.3 597.88 559.42 793.53 910.77
1232.78 487.98 940.33 894.4 1135.72 1116.4 853.99
453.66 339.67 955.19 1024.29 714.18 201.57 724.79
926.05 910.73 293.61 588.0 1192.27 852.66 529.92
806.57 751.62 755.31 746.81 691.51 1019.56 240
462.41 489.82 571.56 605.44 205.02 368.1 759.12
569.8 507.0 210.2 175.28 507.02 117.82 635.37
575.25 159.13 234.89 593.72 376.19 468.35 920.51
86.73 598.98 756.23 542.89 390.16 238.63 875.96
166.14 82.75 419.34 556.58 342.77 634.4 383.57
637.77 551.56 299.27 316.35 726.64 213.65 562.2
257.67 579.58 786.98 506.33 509.97 793.17 311.75
101.21 265.71 207.21 582.76 679.1 640.52 384.46
481.32 552.78 525.91 517.8 203.71 326.61 856.23
433.1 544.99 458.08 286.93 552.98 311.34 478.82
65.61 765.06 871.18 170.47 272.58 230.98 195.88
773.0 206.34 762.24 111 526.65 655.74 838.15
676.34 262.25 627.16 820.51 734.01 479.87 229.15
427.74 452.61 231.94 865.72 822.25 271.75 154.85
657.83 581.65 324.24 1113.29 187.15 853.22 784.5
784.14 651.11 498.07 1093.59 349.85 345.32 333.97
826.3 499.9 834.33 625.52 628.15 595.2 567.4
568.76 896.21 402.43 717.97 494.38 643.93 962.05
739.74 765.91 1008.04 88.6 303.5 502.86 132.77
699.0 601.96 892.77 381.67 573.22 460.71 428.2
645.56 446.82 567.36 1025.9 359.77 738.14 706.37
442.17 650.68 277.67 747.83 313.02 786.04 1074.64
378.64 355.55 215.27 177.97 987.89 260.35 880.93
128 463.41 524.91 643.83 611.83 188.93 436.99
764.88 605.45 482.94 176.8 239.75 475.81 103.81
694.35 640.03 153.21 177.79 597.85 423.77 415.1
968.0 26.14 666.51 752.38 605.43 459.9 308.47
931.42 199.4 152.61 377.32 630.27 371.26 682.78
447.61 621.53 548.7 372.08 383.86 765.57 249.27
594.91 318.33 583.5 828.1 565.78 579.43 847.44
242.22 136.39 324.4 148.31 602.87 645.84 707.39
362.24 491.57 513.43 484.55 540.5 266.15 389.74
896.02 394.56 590.27 524.77 312.44 566.68 275.56
552.12 125.27 759.26 921.95 215.67 270.05 194.29
150.48 827.2 189.26 785.32 141 71.7 279.14
689.11 220.78 591.32 485.14 368.56 337.22 142.15
239.0 372.09 178.26 505.19 565.92 578.94 252.12
301.05 202.97 308.44 300.56 717.47 426.95 631.14
349.99 530.38 509.89 571.09 739.43 574.24 462.07
206.94 729.2 187.94 475.77 725.23 235.03 146.65
505.02 648.66 486.32 249.65 312.98 626.78 188.84
553.48 474.27 801.63 655.88 543.72 509.9 350.87
518.38 257.44 324.15 655.95 91.53 128.44 254.19
249.04 221.17 575.48 678.77 607.53 188.62 385.52
777.06 185.23 201.56 182.91 645.35 467.76 357.39
696.94 572.96 136.15 588.43 540.62 637.75 591.58
431.88 62 457.07 639.91 919.58 594.42 436.87
699.94 723.38 710.68 360.0 237.75 507.53 320.34
391.69 892.26 869.74 311.66 165.33 573.27 603.34
159.29 1095.85 325.61 909.75 670.36 826.12 725.84
627.87 1099.66 508.39 471.84 205.04 923.96 496.55
833.46 769.59 503.09 504.04 661.68 705.08 867.67
439.26 689.58 639.96 560.77 935.01 775.19 899.18
1013.89 245.65 452.67 559.72 309.55 644.53 445.66
945.14 297.35 515.29 307.0 274.88 603.63 588.12
711.67 992.26 232.55 737.06 846.43 448.12 588.16
212.05 840.59 447.17 667.85 1067.76 531.91 338.05
393.4 353.72 994.42 435.22 816.69 88 393.77
326.89 391.94 507.62 395.3 174.13 654.31 401.23
502.76 294.9 30.44 523.17 316.3 430.41 371.39
217.94 362.98 502.83 191.92 553.58 725.01 288.55
399.06 676.89 337.69 199.26 215.28 672.55 305.18
181.41 476.69 399.67 217.19 440.05 362.13 599.68
483.36 144.12 286.08 546.82 121.32 400.64 285.02
490.36 602.25 301.37 433.68 590.85 510.5 264.12
65.08 412.1 450.77 687.54 439.31 392.81 384.61
588.38 569.81 383.93 244.12 321.94 672.93 478.82
357.54 408.69 187.29 439.82 370.65 314.79 213.47
690.58 671.99 283.27 259.09 432.14 400.5 570.8
397.24 614.89 47 601.91 531.7 398.61 720.8
315.72 259.5 867.64 600.55 692.64 428.08 200.07
704.43 277.2 558.2 468.11 358.35 467.69 715.53
390.81 694.96 881.83 308.34 469.96 889.14 453.64
268.04 3.4 802.79 188.2 152.83 634.76 356.63
430.4 608.89 158.9 803.01 692.67 159.59 84.33
732.54 320.64 603.92 78.51 702.83 780.76 439.96
274.75 729.76 516.73 199.46 264.64 398.03 662.4
874.83 513.48 574.18 597.13 761.03 737.6 595.92
68.0 110.45 851.61 643.72 541.58 225.22 395.82
653.17 524.08 294.84 181.85 902.31 820.22 151.32
443.01 373.77 365.28 711.03 318.47 820.61 445
509.96 406.31 308.34 613.44 411.58 127.86 754.55
471.0 624.6 405.23 129.12 645.22 349.96 426.28
342.22 328.32 465.0 611.0 264.68 669.52 746.98
350.16 352.55 785.5 322.72 141.6 135.75 671.96
295.3 201.9 595.86 295.56 326.49 473.29 256.3
717.97 597.81 35.78 184.7 598.17 243.38 476.59
214.02 599.31 645.43 305.31 312.22 596.94 574.34
279.43 148.59 463.33 543.83 809.42 395.88 514.75
494.3 709.99 690.87 478.85 193.32 227.38 716.23
599.19 407.72 291.96 305.6 541.91 488.03 215.33
239.6 800.4 686.27 262.88 380.89 461.31 440.61
577.91 414.04 693.63 239 878.39 744.5 364.69
972.68 583.08 414.4 1105.42 793.03 992.61 746.43
490.79 1010.53 575.22 636.69 528.1 674.12 788.05
972.62 610.22 1014.11 962.31 622.15 494.02 1146.14
544.17 400.06 317.02 845.13 462.31 471.95 950.21
273.6 692.6 741.79 180.29 1087.12 964.88 357.75
238.46 882.64 611.1 805.99 310.52 961.79 911.71
564.48 60.0 795.62 812.3 500.95 514.16 692.88
890.5 1177.21 527.26 879.52 858.45 1071.93 1050.45
829.65 357.95 237.72 977.07 957.08 710.67 98.01
675.1 898.46 839.8 298.1 497.0 1162.26 891.17
428.91 745.64 646.25 653.03 781.63 585.89 1015.88
126 705.97 799.67 880.96 857.11 179.92 692.86
1005.65 880.07 676.02 399.34 506.24 650.85 226.29
966.62 904.3 414.72 341.01 840.11 701.07 520.47
1245.43 253.14 924.37 976.28 873.49 712.76 495.42
1206.55 307.95 374.53 532.71 848.42 644.11 960.14
582.64 824.05 781.35 611.62 546.29 1041.2 526.15
867.99 460.88 825.9 1104.46 837.58 735.14 1123.21
121.24 298.61 596.72 129.63 865.54 800.79 966.81
571.56 745.53 659.53 626.98 806.62 428.89 528.84
1171.78 558.19 867.67 666.16 584.77 822.86 468.11
780.7 336.84 979.07 1199.03 344.99 520.72 118.9
136.72 1103.0 177.08 1048.99 424 284.82 515.58
961.13 318.11 777.91 760.26 379.11 547.48 135.56
425.57 637.5 125.78 702.77 808.91 838.99 476.76
441.04 297.35 578.15 259.26 885.01 620.62 893.81
295.67 790.26 784.86 829.08 941.81 795.73 701.22
234.25 1004.02 461.17 696.37 984.96 135.15 240.67
777.92 909.06 659.77 517.08 519.89 875.99 293.6
720.69 734.39 1071.91 865.11 649.52 730.03 625.38
673.13 423.5 49.26 914.3 252.36 338.35 110.03
141.92 428.24 822.38 934.7 755.9 211.15 620.11
1042.69 459.54 365.84 325.76 920.44 697.38 285.06
883.61 803.08 383.79 755.63 708.25 849.64 777.32
533.88 354 652.46 417.1 325.3 627.41 943.06
410.68 677.68 381.37 820.15 794.1 587.18 866.27
870.52 133.99 196.15 731.05 875.9 643.31 423.34
986.72 285.02 844.87 203.12 763.82 220.06 397.29
663.01 155.37 832.76 726.17 892.77 416.41 532.9
233.1 712.48 815.26 688.08 507.1 673.25 326.74
597.64 409.0 736.77 642.43 308.95 258.63 641.64
126.31 1062.99 809.11 499.33 969.01 513.03 968.48
164.13 775.72 592.1 942.69 941.85 499.28 728.52
718.29 349.2 879.19 310.08 685.61 578.09 564.78
822.23 409.39 762.44 785.31 212.46 800.92 689.74
986.11 956.97 123.11 945.31 508.83 349 429.21
237.83 528.43 354.04 922.0 473.53 375.22 159.99
587.29 666.18 563.78 638.1 836.33 250.48 349.59
625.91 747.21 373.92 345.37 789.38 227.39 784.48
400.55 466.26 322.21 477.77 719.0 273.42 840.94
715.84 696.71 614.57 394.33 122.34 823.11 545.19
433.22 566.99 761.64 21.29 509.92 179.57 797.04
377.4 69.06 300.5 806.46 205.92 973.13 796.41
471.2 905.81 249.51 705.62 389.41 581.29 365.2
710.55 717.79 269.06 768.41 806.91 137.79 676.64
178.7 826.68 453.22 310.05 657.24 566.77 744.78
487.89 213.07 818.39 541.95 948.16 908.36 195.55
923.57 202.44 268 285.46 294.21 754.81 137.46
923.42 624.23 82.58 255.12 385.81 590.67 620.67
436.02 834.61 511.67 586.98 584.7 657.31 158.27
432.52 611.05 476.46 763.33 644.33 174.09 545.53
639.54 815.54 561.41 879.15 754.25 530.98 827.98
390.48 373.35 951.71 289.58 228.12 693.25 879.13
275.7 518.25 236.34 886.88 171.0 322.39 501.37
978.68 499.23 899.9 820.66 550.37 866.9 151.75
448.42 646.3 437.81 246.06 494.54 512.03 218.03
844.33 919.33 341.66 505.04 347.04 978.99 439.81
171.3 538.13 760.81 771.71 195.61 490.36 867.87
470.84 930.39 883.99 488.97 924.18 111.89 435
181.21 268.52 747.09 31.24 830.87 589.18 122.48
261.62 273.46 487.78 552.26 324.14 742.76 534.13
592.16 489.61 550.58 47.06 390.22 498.24 561.39
668.26 650.06 148.16 546.44 608.02 752.71 627.6
796.81 675.01 417.94 811.51 320.36 403.94 896.6
192.97 115.16 645.36 821.76 340.68 440.3 235.76
819.94 61.03 398.53 495.84 939.92 556.29 793.14
735.75 493.72 766.38 127.67 354.53 659.52 327.06
156.82 385.37 401.22 173.46 773.97 859.22 431.41
391.96 350.85 932.21 361.0 101.32 428.88 737.5
688.71 166.55 564.15 788.97 373.07 833.41 786.21
542.94 831.41 212.81 111 289.42 470.17 946.15
226.46 899.8 769.36 217.28 474.82 238.07 538.81
690.3 266.61 817.43 747.5 799.83 570.24 575.93
214.92 571.95 433.58 758.83 736.29 857.38 121.37
752.82 791.02 891.7 837.19 895.17 785.53 386.0
1003.55 474.77 618.72 1044.03 92.13 202.75 809.48
967.52 549.13 568.61 448.21 949.76 220.59 601.94
699.98 1108.38 768.75 803.93 830.08 653.01 809.23
340.36 186.61 869.68 352.28 312.96 287.38 316.14
373.21 898.89 999.68 624.15 358.97 561.61 1090.73
495.72 298.5 449.94 925.03 789.9 105.95 769.73
895.64 458.24 887.3 839.02 756.1 899.68 394.02
223 569.14 372.83 558.77 485.39 1040.35 556.7
480.0 298.13 725.42 801.96 676.78 776.53 956.84
278.81 387.38 757.9 883.67 506.34 463.55 929.56
87.23 910.08 425.68 576.82 376.55 555.05 812.78
168.06 950.92 828.81 837.0 650.13 527.74 207.46
900.04 674.35 568.86 655.32 845.46 146.04 636.66
319.27 890.93 511.21 82.94 374.84 861.29 141.43
1105.56 911.24 582.36 1033.12 386.66 835.79 400.91
721.6 505.25 848.08 856.34 409.37 868.17 891.48
84.57 816.8 295.17 891.85 585.69 447.68 796.62
618.84 860.1 598.13 88.77 925.5 679.04 1070.61
1032.75 146.16 1042.1 296.0 83 246.21 457.21
922.43 233.52 822.59 733.61 275.88 476.63 156.73
462.21 635.68 180.33 742.08 745.76 787.02 499.92
494.05 215.42 541.24 346.43 794.27 660.3 843.55
191.78 738.85 756.74 834.58 859.83 824.92 719.92
299.86 973.39 433.56 624.83 988.9 42.56 175.14
764.33 912.34 573.91 513.22 449.08 888.71 215.42
632.07 684.11 1062.57 786.33 718.66 759.36 608.26
727.95 345.78 122.57 859.99 276.38 285.51 201.29
229.3 363.39 836.62 942.12 662.68 273.11 556.79
1040.13 445.33 293.41 369.56 892.23 721.49 182.04
797.62 827.69 392.72 807.35 759.18 772.0 822.33
436.81 320 318.18 546.4 932.14 420.0 623.58
716.55 523.81 600.21 164.98 299.05 557.47 113.72
556.92 832.66 839.17 367.47 287.4 397.46 563.89
76.2 971.49 476.9 888.82 456.11 791.23 742.71
728.7 1003.94 661.15 584.97 91.07 959.19 441.88
742.27 882.89 285.12 327.14 710.73 809.84 739.72
449.8 574.55 763.14 387.96 805.51 735.59 989.08
921.38 472.4 597.08 572.34 509.05 500.23 211.64
916.64 190.24 382.34 73.05 42.46 480.0 708.73
828.45 852.46 89.18 653.01 949.56 416.8 439.22
201.58 873.61 573.13 450.09 957.2 674.73 311.87
593.57 547.89 903.64 622.61 648.98 326 312.09
547.43 975.7 369.84 739.84 768.4 443.17 586.9
146.39 397.78 630.95 112.31 668.72 840.88 863.21
456.77 401.64 348.09 595.25 199.72 936.52 587.21
916.52 362.33 814.47 793.74 815.68 986.45 767.36
680.5 193.39 1013.0 474.73 734.84 971.46 197.4
285.14 777.38 896.48 708.46 513.99 559.63 857.56
342.39 771.11 758.31 1066.55 907.69 597.16 702.14
628.96 629.47 469.06 86.75 939.63 242.22 371.26
57.04 88.72 465.77 803.39 919.29 809.75 175.32
653.78 1033.07 464.57 409.35 296.5 928.33 673.19
352.31 931.44 777.57 376.22 713.3 666.77 891.46
739.05 591.66 466 617.79 690.5 762.88 768.26
89.35 572.78 919.83 771.04 611.42 314.43 386.81
593.97 106.92 847.52 784.23 313.6 274.88 752.85
585.87 490.27 1130.73 139.9 804.32 899.38 753.7
592.81 382.87 1088.41 202.92 254.99 481.44 733.41
536.86 844.86 484.56 756.77 698.85 492.46 440.18
930.88 414.29 760.57 357.17 738.5 993.02 718.46
633.92 1005.52 150.25 181.95 478.15 44.51 766.21
755.28 846.71 497.73 651.28 615.65 584.0 704.81
319.28 428.25 1061.24 504.15 753.69 567.93 477.92
727.56 398.63 663.61 217.27 904.28 1082.75 238.24
426.61 40.83 16.65 985.34 87.03 949.2 17
185.1 264.49 742.77 34.02 833.61 586.53 120.48
255.71 280.67 491.81 552.3 331.46 745.39 528.04
586.99 492.51 555.29 52.32 387.79 505.24 553.47
671.26 644.91 151.71 541.45 605.13 752.4 620.01
798.39 676.21 424.5 807.77 320.18 397.35 895.7
200.87 121.63 643.73 821.02 332.98 441.16 230.08
820.03 65.85 390.68 491.16 937.77 548.92 797.91
737.58 492.64 770.15 122.19 362.43 653.99 332.59
158.12 393.03 408.71 170.13 774.36 858.72 423.46
398.63 345.38 930.66 361.81 99.3 434.07 734.15
690.31 170.58 556.39 790.19 376.23 836.71 789.6
535.65 834.18 205.11 355 293.89 152.63 387.65
368.0 561.9 197.05 502.41 224.0 443.73 356.36
204.05 479.24 477.4 303.8 286.66 295.33 438.3
369.12 16.22 565.72 561.05 431.74 334.4 541.56
240.11 218.53 380.29 528.0 481.33 355.39 474.84
433.96 114.44 275.32 511.1 501.31 370.65 252.9
439.36 370.77 163.7 225.15 455.29 359.08 428.48
186.68 545.16 442.8 636.95 435.55 115.8 555.84
289.54 621.43 364.01 364.46 259.57 553.88 544.43
225.86 418.98 480.81 498.57 466.69 184.99 539.64
143.81 293.46 390.94 353.23 383.92 558.18 514.53
460.66 257.22 590.95 553.46 422.59 563.55 441.55
54 534.01 466.85 389.01 652.55 323.37 217.88
799.68 537.5 628.2 373.93 131.93 641.87 267.44
515.23 432.6 301.01 421.24 647.23 326.97 641.83
832.47 280.23 442.16 820.85 412.3 231.92 70.44
761.15 204.99 123.3 577.19 362.54 362.19 554.67
223.46 736.02 624.65 123.42 147.0 673.93 253.19
539.67 140.95 634.53 724.47 392.1 322.36 685.07
499.84 193.46 199.09 384.85 595.36 811.29 485.6
511.11 528.83 700.6 678.24 528.71 107.83 178.27
795.47 584.6 482.65 282.09 327.71 585.19 466.71
289.7 159.58 834.05 773.23 172.54 378.69 375.41
358.29 665.83 325.91 755.82 337 40.21 258.01
683.35 190.15 617.39 484.21 339.34 311.94 150.3
268.29 383.38 192.42 530.59 548.26 566.54 276.74
332.01 172.95 300.6 326.79 689.75 453.35 619.9
325.24 517.81 508.34 584.26 715.26 595.96 481.18
234.1 727.07 183.82 453.17 737.21 222.02 120.62
510.25 660.63 458.19 261.28 286.96 642.44 158.71
525.19 461.65 808.32 632.35 574.65 532.23 354.52
547.34 226.98 325.85 643.05 121.23 98.72 269.03
267.22 193.74 592.0 692.21 578.19 214.16 365.0
786.42 191.1 170.39 214.41 644.11 488.77 333.82
670.87 593.18 159.48 616.21 568.6 614.53 617.74
400.46 99 307.76 291.51 472.98 433.73 403.3
252.7 584.86 371.36 407.12 213.15 96.2 426.66
316.19 462.38 423.34 140.43 289.26 426.13 183.38
462.01 727.4 265.16 460.13 597.89 382.71 279.04
296.86 693.82 340.16 214.1 382.24 489.87 150.44
442.21 449.75 509.29 398.81 239.99 373.16 528.52
26.31 364.29 358.0 412.85 589.59 336.59 529.46
609.07 471.13 285.31 109.28 388.83 393.3 591.76
496.96 296.23 308.17 491.89 473.66 326.76 310.08
404.86 658.42 383.26 349.82 501.61 103.73 371.89
278.54 404.33 234.47 610.11 681.7 327.5 162.56
427.25 388.0 588.83 404.69 568.56 62 358.19
242.65 639.75 247.32 932.65 546.93 240.0 169.9
498.32 636.2 593.57 550.03 844.29 374.72 463.66
610.78 712.45 269.39 380.09 714.68 322.74 782.46
518.54 333.91 428.47 556.81 771.39 401.57 867.7
740.56 626.19 720.77 385.93 236.24 892.04 431.72
336.87 630.69 824.6 117.56 514.17 168.68 847.46
276.63 163.29 394.1 895.48 340.9 949.58 815.92
508.67 897.41 169.86 593.26 513.43 517.77 299.21
617.44 629.47 219.8 811.84 868.08 192.75 603.05
243.91 906.69 444.09 227.45 606.98 663.28 764.63
355.44 331.27 850.12 509.9 950.17 906.77 331.76
933.86 68.04 460 346.65 256.29 670.11 225.43
938.91 569.87 205.59 189.38 479.34 633.37 606.32
530.97 850.21 408.12 495.05 612.11 707.82 247.87
396.52 698.77 351.6 786.11 550.47 300.58 458.63
580.88 788.45 435.35 878.22 751.14 611.96 749.91
391.86 269.17 912.53 405.04 317.18 651.01 843.91
152.73 521.41 183.41 863.76 256.41 195.78 422.23
920.52 375.85 946.94 824.85 523.98 898.92 162.52
566.27 546.48 506.43 290.64 596.45 609.89 219.8
826.61 886.84 218.66 588.05 269.75 929.68 448.83
215.62 598.73 690.55 773.89 322.03 363.72 861.92
507.63 954.18 910.01 366.9 940.02 36.31 191
370.66 583.16 928.33 491.5 547.32 708.86 607.45
645.23 241.49 258.19 533.26 195.08 487.92 858.21
852.55 333.95 222.43 469.32 577.35 20.99 1025.28
411.46 898.59 545.78 805.97 735.25 686.92 1045.86
598.23 536.22 101.45 946.24 459.01 780.46 837.58
375.61 398.42 689.61 767.35 793.69 438.84 621.25
712.86 458.28 860.6 751.71 953.98 961.49 380.07
536.51 563.87 426.94 559.01 307.4 929.8 218.39
433.75 169.79 138.34 529.11 658.88 781.32 912.19
123.21 687.16 908.83 422.73 499.22 179.16 860.87
519.21 541.23 1005.12 615.8 310.14 511.98 468.13
942.9 546.09 719.5 150 645.42 428.65 91.97
674.63 760.9 237.37 768.98 437.12 804.44 691.48
436.53 842.28 699.35 197.98 102.79 618.17 766.9
684.05 356.15 925.66 507.94 691.27 46.72 837.58
146.57 214.6 457.22 389.04 640.57 551.11 836.8
184.03 478.23 329.81 484.51 841.62 707.7 314.91
453.3 468.03 490.92 460.09 525.05 678.3 480.38
198.98 407.47 341.07 916.11 629.41 369.59 809.8
566.14 976.43 70.85 728.44 597.43 917.5 908.58
525.59 526.37 496.6 538.9 830.03 344.74 452.45
503.01 600.48 745.83 179.37 588.81 857.61 436.04
605.72 614.16 811.32 789.62 328.51 763.42 632.61
376 564.17 704.23 893.6 712.08 296.31 682.76
852.94 781.71 503.18 275.38 483.33 471.34 278.2
919.59 877.34 323.78 196.12 692.8 634.41 326.92
1162.8 240.58 908.65 811.7 838.92 706.71 549.87
1145.91 394.63 398.59 351.82 881.02 549.23 885.43
673.47 650.91 628.03 622.63 618.92 943.62 455.67
764.8 542.58 679.16 1009.86 794.05 816.05 1060.23
75.79 352.42 557.92 167.59 741.0 611.21 948.1
413.55 613.7 470.57 437.99 689.68 496.49 615.5
1072.79 378.8 788.95 755.11 492.27 690.73 310.93
802.91 365.38 811.91 1125.47 425.26 400.93 242.39
212.67 1040.12 294.1 921.65 114 293.69 338.31
553.02 435.15 369.43 332.67 588.81 418.71 360.75
131.78 154.32 372.2 280.45 538.23 503.82 59.78
208.05 423.68 252.38 387.11 788.83 214.58 541.49
588.17 462.26 358.89 335.4 764.35 332.16 216.84
312.66 565.96 183.15 506.69 491.33 479.22 383.94
309.57 415.69 579.96 73.88 407.11 384.47 409.59
643.71 414.5 586.94 678.88 402.27 269.72 190.63
331.96 416.0 542.34 577.97 241.7 311.05 431.44
410.16 352.63 331.99 441.07 710.56 317.27 411.42
551.59 124.05 383.41 204.71 480.79 224.41 597.88
747.18 328.42 112.06 382.47 338.93 658.71 370.32
597.64 395 333.88 553.02 1013.19 331.15 859.8
819.03 357.13 574.41 207.07 505.88 707.52 206.37
784.02 842.9 881.86 554.33 523.23 313.32 630.5
336.47 888.47 701.83 937.99 263.3 833.48 842.87
902.28 956.95 875.41 778.27 316.5 1060.98 518.29
722.72 1057.84 140.47 270.85 843.28 981.6 670.4
585.8 546.84 951.61 313.32 727.52 778.34 1139.65
883.98 730.61 809.65 688.64 755.41 443.72 52.82
955.5 328.37 378.94 188.79 221.32 460.23 898.38
1008.72 755.67 293.4 653.77 1113.21 523.4 391.09
406.82 978.65 775.8 247.97 893.78 881.78 456.49
837.89 790.48 869.77 859.24 527.54 363 426.14
260.91 584.65 332.89 953.85 522.52 333.58 180.37
576.93 682.18 600.6 628.41 867.03 307.07 405.87
647.41 761.67 354.13 381.76 786.68 234.57 811.51
457.12 428.09 377.46 528.17 763.31 307.45 877.9
751.74 695.64 670.33 416.23 177.42 872.01 521.28
418.2 613.88 808.92 35.78 537.7 193.2 841.0
359.6 70.21 353.24 859.73 249.31 992.7 830.88
509.85 930.9 238.97 682.76 445.93 582.81 363.48
698.53 708.25 272.06 810.28 853.82 116.61 674.07
221.2 878.15 475.6 299.92 664.91 621.05 779.19
449.61 237.52 856.85 556.35 977.09 935.92 241.77
955.3 153.77 195 356.28 218.81 605.29 257.84
912.34 515.33 267.61 142.4 503.46 624.36 568.66
555.05 824.37 340.58 429.13 595.23 702.1 279.15
353.05 715.74 309.46 764.52 484.03 358.88 394.06
524.61 743.19 377.94 844.1 717.06 625.68 686.53
367.3 201.88 861.61 446.35 343.83 600.54 794.9
90.28 493.83 145.3 819.7 284.85 145.08 360.24
862.66 313.45 936.99 793.59 482.05 881.16 167.46
607.78 479.15 514.65 294.96 624.46 634.83 208.67
785.16 838.7 186.12 603.42 211.31 874.86 426.17
227.74 600.41 629.62 742.12 380.5 311.12 825.56
497.96 931.72 889.02 303.19 913.62 102.26 373
117.63 249.57 725.63 36.89 768.98 554.68 184.53
262.33 220.16 423.79 501.02 271.76 681.19 532.63
579.82 427.53 486.34 17.44 355.58 441.74 596.48
605.85 637.18 188.57 532.49 575.17 702.82 650.22
738.44 618.22 358.42 784.75 271.8 410.5 849.7
171.79 57.97 603.51 774.11 368.67 385.55 234.82
767.9 3.27 430.97 479.3 900.79 574.41 728.92
676.56 449.06 702.63 132.44 328.14 650.74 263.73
103.73 338.21 350.73 152.91 720.6 810.12 471.31
333.13 344.39 889.14 306.83 79.65 364.97 707.68
630.37 202.85 592.21 731.96 310.51 770.35 723.0
559.45 769.46 264.64 368 353.2 379.87 536.71
493.17 317.59 318.81 646.68 460.31 417.2 156.96
123.41 425.63 228.97 553.04 507.27 81.15 218.84
482.27 277.0 423.66 820.82 172.13 539.66 647.73
469.15 344.13 282.8 786.75 272.93 157.24 356.68
540.29 229.6 535.8 438.45 538.45 443.63 278.74
363.8 619.4 102.83 451.18 327.44 468.26 681.4
425.77 541.82 702.23 379.12 211.36 187.85 295.29
468.63 596.97 578.48 296.45 368.35 481.29 458.17
403.84 274.29 386.52 749.68 364.38 443.04 502.22
172.94 439.16 246.27 456.53 164.96 657.58 775.32
268.6 170.61 336.6 295.85 681.98 318.71 648.51
228 77.88 195.46 665.43 87.68 714.13 489.74
240.93 224.02 227.1 378.39 435.76 277.75 625.69
486.24 525.36 373.67 446.89 80.38 291.15 434.52
584.72 552.53 582.07 254.66 477.31 510.68 637.23
624.19 678.01 556.23 344.99 722.08 205.63 372.57
783.54 220.19 86.8 537.21 708.05 353.05 321.93
196.62 703.06 68.15 418.73 422.92 834.68 544.68
689.02 617.12 382.68 654.46 113.9 365.75 598.21
237.55 38.29 350.78 357.45 104.1 656.35 744.36
467.23 322.3 297.01 822.77 242.77 53.87 331.92
643.98 569.92 269.21 572.51 670.18 258.63 718.87
672.16 528.35 714.75 282.76 133 767.16 590.92
147.27 834.3 663.34 280.14 951.66 624.03 905.91
714.21 436.44 933.78 625.67 429.14 321.98 637.05
774.73 838.59 474.51 975.81 746.83 646.11 280.08
1006.11 347.64 256.58 346.6 625.33 534.72 488.49
897.93 55.56 580.89 547.52 299.87 975.71 845.14
279.88 302.55 689.28 537.31 641.72 388.29 829.83
710.4 380.43 180.89 579.95 863.39 548.21 417.27
745.98 738.14 1088.75 309.43 806.7 733.66 1003.35
987.35 684.52 412.99 334.08 772.42 898.45 534.66
241.72 581.71 758.2 792.86 121.43 523.31 1024.32
674.89 497.46 676.0 722.75 714.64 567.18 666.14
838.88 365 214.59 298.23 775.62 66.9 865.54
621.91 87.64 284.4 293.02 520.45 587.99 342.44
777.58 555.38 617.69 524.15 581.57 79.55 423.4
518.8 562.31 702.64 675.63 118.52 572.73 640.28
788.27 636.12 832.45 710.8 441.64 841.72 355.98
422.33 931.75 195.36 141.45 679.71 857.03 348.1
476.15 259.7 855.69 93.9 402.4 523.26 973.51
567.7 823.85 771.26 528.69 799.47 153.27 355.74
683.43 355.71 192.63 399.36 417.47 205.06 809.8
894.67 429.72 415.1 375.38 966.66 396.85 135.27
458.54 768.74 724.35 138.39 569.67 824.75 407.31
867.31 819.97 555.3 866.06 204.05 426 75.67
286.34 696.09 223.26 591.86 491.7 369.94 344.0
135.33 238.06 376.89 170.95 506.04 573.3 586.29
253.46 298.61 205.0 315.62 293.8 723.81 427.41
638.44 349.37 537.74 516.52 575.42 746.4 576.37
465.01 200.33 735.85 194.95 482.88 729.77 231.32
146.91 510.79 653.22 492.54 254.51 319.63 630.54
190.97 559.66 481.63 807.11 662.91 541.23 511.86
356.93 517.49 262.72 317.82 663.31 85.68 134.03
246.84 241.65 227.51 579.05 683.01 613.37 181.7
392.77 782.08 191.18 206.27 179.16 651.92 470.15
356.35 703.62 575.54 138.28 588.18 540.28 644.82
592.08 436.18 305 489.73 532.54 616.53 635.9
165.56 415.66 789.49 612.85 519.71 215.11 223.87
514.94 76.58 683.89 623.66 179.79 221.94 623.0
422.56 459.14 967.29 43.88 646.84 781.5 591.46
437.33 268.17 924.18 156.62 114.31 419.26 598.17
382.55 681.25 404.31 655.66 577.04 343.89 341.92
770.94 255.41 604.18 274.54 608.73 831.99 554.85
538.24 841.22 266.09 92.5 314.05 158.88 619.67
685.84 688.54 397.98 513.42 554.94 526.51 555.71
222.88 346.3 900.88 435.65 590.99 482.24 325.17
586.91 315.45 522.06 83.2 789.25 918.65 171.44
296.97 184.85 147.82 821.03 166.48 800.67 496
673.26 490.55 75.25 735.04 643.34 191.04 850.66
522.68 817.01 645.42 369.51 847.36 593.66 336.37
227.86 568.43 711.71 739.95 378.15 900.82 661.65
601.76 193.91 906.27 248.92 165.49 326.88 548.2
517.13 448.7 819.23 54.47 488.9 448.95 328.18
880.59 748.95 217.99 306.26 590.79 458.27 540.46
385.26 731.54 614.72 279.38 249.0 495.17 824.73
518.45 334.49 711.03 637.51 998.28 229.92 722.69
637.11 918.7 904.43 584.84 396.89 346.66 678.44
817.73 433.38 292.2 495.0 658.91 717.36 37.2
485.66 924.69 590.84 480.47 594.96 699.02 684.39
480.86 646.04 737.92 91 410.9 202.7 483.98
352.76 877.67 424.14 393.77 130.88 573.56 631.69
517.6 623.46 792.66 211.13 305.55 587.96 713.5
371.01 300.07 768.26 256.66 742.84 358.27 480.0
275.7 428.47 670.15 277.34 794.4 669.85 674.68
568.86 357.45 75.96 773.73 543.95 425.1 517.74
712.32 66.89 468.58 154.93 748.25 372.63 113.01
251.77 758.1 200.25 935.61 750.97 424.42 865.09
241.87 702.34 350.29 557.85 346.77 697.5 702.6
249.08 720.18 757.62 183.78 655.9 131.71 777.61
415.55 300.0 628.69 519.09 699.42 501.55 229.18
771.28 509.15 905.28 866.25 185.92 879.3 232.36
183 283.49 298.11 760.23 134.5 923.3 628.22
75.74 260.47 381.18 589.18 622.52 431.21 834.53
518.09 592.83 584.16 655.25 154.9 435.85 606.6
483.67 762.88 650.24 166.78 551.18 643.73 817.91
568.71 880.0 755.32 527.05 833.04 391.9 379.9
954.66 283.32 224.29 696.53 881.9 282.95 519.25
241.27 888.98 167.89 329.71 506.7 982.64 506.45
897.89 821.26 552.97 865.82 154.53 441.87 652.49
434.86 245.48 489.17 506.94 220.4 846.16 921.93
348.79 501.01 352.54 982.48 440.64 171.51 535.56
765.5 772.46 188.3 497.67 869.02 469.92 929.77
883.26 496.15 924.03 118.87 402 493.45 625.07
820.46 643.1 275.11 607.19 787.32 702.98 447.94
197.25 407.79 421.75 234.27 839.7 798.91 243.52
121.71 624.59 554.18 299.35 1083.22 179.04 831.31
751.78 759.92 631.58 490.54 1065.65 352.33 335.69
303.69 811.84 469.64 805.31 623.08 596.19 562.02
551.3 563.55 865.08 375.58 686.58 492.06 610.69
931.11 714.51 760.31 979.97 121.73 301.46 479.59
148.77 666.3 573.55 870.31 348.61 540.27 432.42
400.05 613.3 442.75 564.83 994.58 329.07 708.89
702.77 412.38 617.7 244.58 732.12 305.47 753.49
1045.43 378.85 323.52 233.52 192.24 959.86 273.47
848.06 121 430.95 565.86 784.81 580.75 302.87
568.06 725.56 643.12 390.69 136.77 370.3 367.68
245.32 788.49 752.7 190.89 59.14 562.36 500.9
262.56 1024.74 174.36 787.69 691.75 712.17 593.2
476.46 1010.79 359.56 320.26 252.12 782.33 411.38
748.77 617.41 538.59 500.3 520.03 553.14 804.98
324.37 626.14 487.9 548.42 871.27 665.01 747.81
924.93 183.74 301.7 434.79 187.41 604.03 525.29
825.6 287.63 477.77 385.19 353.42 551.59 435.95
559.51 934.14 276.03 652.06 694.36 355.13 555.17
183.61 700.56 295.01 694.02 988.39 381.27 262.35
271.42 225.58 904.91 301.71 785.61 340 666.91
601.75 438.04 788.68 302.1 322.56 936.34 670.43
750.7 474.51 266.84 759.61 283.61 619.29 525.21
409.3 505.15 782.88 460.83 737.99 945.81 331.21
521.94 956.02 514.37 328.23 68.92 862.22 175.06
189.26 683.56 383.78 498.53 675.78 114.4 865.48
758.0 223.16 64.85 801.13 385.14 673.94 21.53
770.01 848.36 504.3 256.79 791.28 522.42 208.74
334.61 402.66 732.0 931.09 565.06 630.53 664.45
813.04 788.27 665.42 67.16 56.47 919.1 694.42
610.43 194.21 461.82 721.83 573.32 333.7 208.41
968.78 882.93 139.28 501.79 364.02 364.7 772.9
304.94 890.66 79 412.56 327.94 361.41 520.49
412.65 144.45 664.77 399.39 527.45 325.57 55.46
549.4 336.56 409.78 346.09 248.64 393.61 516.9
188.7 583.5 711.12 313.91 371.59 691.36 314.37
169.22 206.31 653.61 315.72 196.13 505.74 369.2
231.15 427.8 346.96 620.15 501.03 116.06 271.97
539.99 147.52 400.91 279.87 504.83 593.34 281.15
410.08 573.04 537.19 279.75 60.17 436.38 457.76
712.27 412.4 419.55 399.32 615.65 597.7 391.47
243.42 310.39 664.27 507.26 349.27 388.77 207.65
450.76 400.37 284.21 230.48 705.69 656.21 290.95
286.36 452.38 422.68 553.13 414.72 616.9 346
618.45 515.41 317.28 724.58 400.39 208.74 865.73
577.32 725.82 482.92 223.53 742.92 360.03 499.88
403.13 408.81 531.42 721.92 374.19 750.73 829.1
384.76 398.31 896.44 395.05 210.14 82.0 740.95
272.61 226.65 683.82 271.98 436.82 565.93 146.25
825.15 707.17 115.72 80.84 696.79 344.92 584.45
142.15 710.11 739.93 389.96 214.21 671.85 598.42
282.53 259.67 480.5 654.55 910.17 441.39 611.9
604.88 804.33 783.13 589.84 151.23 126.77 810.05
689.96 508.74 183.16 412.55 653.17 573.78 212.91
259.65 911.15 764.63 235.55 478.11 458.42 449.0
653.89 403.15 801.12 433 481.75 550.81 669.95
631.18 173.98 464.38 783.73 631.33 492.81 187.1
267.67 482.84 95.35 722.59 668.09 173.71 175.19
616.6 451.44 411.66 995.39 16.47 694.23 768.4
633.63 487.08 327.23 959.53 202.81 172.96 380.14
654.64 396.41 710.36 461.89 633.73 565.56 397.78
400.61 791.85 276.05 620.3 331.46 602.24 854.68
594.04 597.14 875.48 214.61 143.77 352.65 120.7
625.67 651.31 735.22 373.66 512.3 516.67 486.99
564.02 280.73 403.74 922.36 398.9 617.55 540.53
337.33 588.05 282.48 577.29 142.17 774.64 949.7
223.35 288.92 172.05 126.4 855.24 173.94 808.53
329 245.37 50.08 507.93 225.66 743.27 373.0
325.35 39.37 411.67 468.25 401.02 460.01 655.5
297.77 349.84 431.76 548.82 237.7 190.32 599.0
424.55 597.25 407.74 387.07 304.29 387.34 582.13
441.58 675.3 548.18 505.15 577.28 200.79 182.5
709.01 405.69 276.0 447.9 639.08 199.99 325.01
24.07 657.26 234.36 266.46 254.85 727.22 359.1
777.41 624.29 317.46 715.69 115.33 556.26 417.96
387.98 182.34 535.47 538.06 86.88 620.24 681.45
329.6 486.99 109.75 730.66 260.13 155.27 459.29
508.38 572.85 406.89 399.11 657.52 343.41 763.79
721.78 341.68 744.59 239.68 409 424.71 357.32
385.96 539.74 376.26 173.92 686.5 430.65 530.01
308.85 31.08 548.75 300.73 445.95 380.42 231.66
372.41 534.84 220.42 571.65 747.24 280.94 403.87
708.81 349.81 197.28 183.1 689.97 280.01 159.7
497.53 386.47 249.31 463.52 330.76 629.76 514.61
125.52 254.52 573.88 148.68 430.86 253.06 522.31
628.09 317.44 406.8 609.47 505.21 243.32 91.51
402.34 482.67 714.6 445.26 417.94 416.56 612.46
592.91 415.89 213.08 289.9 698.94 501.0 383.65
379.21 218.01 472.01 389.81 302.85 194.12 722.39
692.57 256.14 283.91 416.46 387.47 589.56 378.34
645.76 293 593.37 357.75 305.31 574.06 889.89
361.13 632.62 326.24 761.01 733.28 531.11 806.69
815.69 73.2 152.09 670.83 815.21 589.17 362.4
925.65 294.44 787.71 174.27 715.81 166.92 350.07
617.24 186.12 782.18 672.7 831.76 397.42 471.58
180.38 676.71 760.2 631.62 459.47 632.89 290.11
537.53 353.71 692.48 587.63 283.94 200.34 617.09
127.54 1004.54 756.02 441.78 912.16 459.47 911.85
143.76 714.83 533.68 883.18 881.85 442.15 681.16
678.49 334.12 818.37 251.03 655.93 516.89 509.35
760.91 378.57 708.52 737.16 222.94 751.24 628.44
931.48 901.26 115.09 892.09 470.09 220 143.5
340.39 718.51 289.23 541.94 506.32 432.57 403.75
137.73 182.02 367.34 153.15 458.6 619.12 622.37
213.17 234.68 270.06 347.02 237.49 786.53 377.84
671.97 403.68 574.52 532.08 558.15 803.16 538.18
434.75 143.2 750.64 225.03 537.7 713.97 267.01
207.4 512.18 638.0 556.13 248.9 380.6 606.89
256.34 623.43 519.0 802.7 718.72 476.6 472.67
364.77 459.54 329.69 319.96 699.85 26.63 200.46
221.46 207.95 290.91 553.82 664.16 678.67 130.24
444.73 771.87 202.89 273.94 112.0 665.48 434.93
408.34 763.66 541.18 112.78 533.45 485.22 700.14
541.93 504.02 161 461.85 229.99 386.91 430.97
847.4 356.04 489.69 185.27 629.05 639.73 482.33
676.62 766.13 109.42 208.09 586.04 722.55 446.77
278.3 807.12 273.26 725.32 258.45 571.64 184.66
355.41 611.81 237.77 753.28 633.2 712.77 474.13
366.34 36.55 701.53 618.79 492.43 454.38 645.26
162.98 457.34 212.92 689.95 445.94 182.89 174.6
672.52 151.81 930.81 716.37 387.81 849.79 316.52
772.77 248.66 594.88 399.83 752.54 753.76 304.86
667.71 691.21 249.53 696.93 125.67 697.75 419.3
368.54 652.66 430.74 665.82 592.95 220.73 726.79
524.56 881.19 845.64 132.18 849.28 333.87 499
704.96 559.01 215.6 791.05 539.12 229.1 920.8
606.4 830.38 612.75 339.1 853.29 503.42 461.89
354.48 536.49 667.47 792.15 427.15 878.67 792.49
528.13 329.8 964.6 364.21 213.62 223.37 685.12
410.48 369.96 805.95 144.07 517.45 558.7 188.59
914.7 788.85 188.08 179.35 698.6 451.4 619.57
264.46 781.87 730.52 379.97 127.31 627.49 742.27
425.73 341.88 624.09 705.65 1015.04 368.42 723.42
680.19 919.29 900.66 645.92 288.85 214.04 797.33
809.22 524.26 153.92 507.07 716.08 697.85 123.47
403.51 981.31 723.08 373.22 589.95 598.78 591.69
611.93 541.92 829.27 286 515.46 319.91 164.03
565.97 634.94 100.26 678.97 351.27 668.29 542.94
293.01 703.39 566.7 207.65 115.67 469.86 618.66
572.01 219.39 779.14 538.26 551.04 133.99 736.05
103.08 85.73 352.7 449.73 521.69 419.68 691.42
223.83 338.74 291.07 422.38 718.95 585.81 195.51
371.74 431.08 342.44 368.71 428.1 564.29 463.55
112.69 393.92 379.56 774.78 501.31 221.31 672.27
466.28 845.08 175.11 585.53 473.86 777.54 766.87
415.3 417.14 417.74 531.25 685.82 263.14 416.03
357.96 489.96 598.35 157.96 456.83 754.79 472.68
489.42 467.59 681.11 655.52 361.7 637.3 568.87
426 458.26 505.73 611.61 604.7 195.87 405.58
758.24 586.18 489.13 185.64 209.35 485.33 107.11
666.31 609.97 148.2 199.3 591.67 399.57 435.33
944.38 49.98 635.58 749.92 576.1 428.27 278.79
904.76 184.85 122.56 391.82 597.96 354.25 658.65
420.89 624.41 545.47 339.76 355.41 745.18 228.71
576.8 292.96 577.38 806.89 537.5 550.09 821.19
273.4 119.48 296.04 174.61 589.92 656.62 676.68
367.17 482.52 526.92 498.97 526.35 239.82 363.38
875.38 407.39 567.22 496.82 296.31 556.34 286.53
519.76 98.66 757.66 897.05 196.34 265.41 210.75
170.43 800.97 196.66 771.38 268 426.15 281.42
624.82 320.63 976.18 557.51 304.76 201.78 570.42
694.03 627.16 622.1 888.7 347.77 446.11 663.25
772.16 342.6 409.08 784.83 249.94 830.7 497.66
401.39 416.93 564.1 794.68 337.34 903.94 777.27
695.29 710.08 433.76 217.1 906.55 505.02 409.48
647.27 842.33 76.27 558.37 209.92 872.04 349.51
96.5 391.06 897.48 284.62 1006.26 855.26 537.95
948.49 237.09 666.52 486.65 584.87 365.26 690.22
701.71 278.99 839.88 886.93 119.36 672.73 253.89
914.54 492.96 296.7 670.95 659.65 803.63 422.69
263.18 883.99 567.69 997.32 955.24 278.45 977.55
121.33 173 377.61 156.52 451.06 338.05 824.02
375.06 400.03 95.76 543.34 583.22 463.8 592.08
739.18 193.38 275.35 537.26 665.45 354.2 246.34
730.3 305.78 690.09 330.97 479.62 239.88 380.91
618.06 309.45 740.66 616.06 636.21 532.74 308.07
56.88 724.58 526.63 401.92 466.98 661.9 115.25
416.14 122.98 696.05 353.81 166.79 208.64 714.5
226.77 884.88 697.18 370.7 812.69 223.77 681.85
329.07 518.61 314.26 667.29 670.32 217.29 667.23
706.97 237.46 618.65 77.95 731.2 365.39 277.23
584.78 478.13 645.64 500.82 271.36 717.67 462.24
852.02 813.27 209.53 825.66 255.54 195 514.18
494.8 490.52 647.36 230.99 304.09 799.34 571.52
582.82 301.13 145.48 588.9 165.84 591.88 518.69
237.23 335.04 638.6 364.4 565.38 896.46 178.23
534.44 807.95 492.67 322.37 137.01 837.05 131.92
20.05 510.26 466.18 364.94 612.52 284.43 704.29
605.38 219.76 215.27 719.83 238.25 568.77 163.7
624.99 775.59 464.39 408.35 757.51 396.2 97.09
238.28 281.51 607.35 760.91 577.37 461.3 521.58
640.45 615.26 540.48 109.5 228.66 846.25 521.51
530.88 357.1 317.59 586.87 400.16 392.68 56.16
818.9 841.51 113.23 336.76 277.63 256.63 737.71
233.28 779.32 85 373.89 168.06 488.84 319.32
850.23 411.87 369.57 94.1 536.87 597.23 492.86
586.66 764.48 226.12 312.37 555.18 678.76 336.97
274.13 731.21 291.92 712.7 367.38 452.56 277.92
418.36 652.15 313.69 770.17 644.73 637.66 570.99
323.95 86.83 761.13 510.0 389.5 502.59 697.65
81.71 438.15 117.86 729.93 338.02 140.7 247.08
752.74 235.17 902.66 725.0 400.86 834.22 207.06
667.61 363.64 520.9 309.78 660.84 665.73 212.07
699.85 742.51 209.57 618.83 110.01 768.86 382.53
264.28 592.45 516.59 673.34 473.97 266.2 748.15
474.0 876.28 836.52 219.95 851.79 218.68 380
727.28 829.81 921.09 878.18 220.58 731.54 1025.12
910.01 688.63 421.75 543.23 660.86 265.74 1002.97
942.24 442.85 358.15 860.58 734.65 522.42 1278.27
287.58 963.12 992.3 910.77 751.74 536.2 1241.91
348.74 413.94 541.77 889.09 673.68 993.51 622.75
836.91 800.14 651.29 587.0 1071.63 558.28 897.16
501.5 846.47 1135.44 874.0 775.44 1158.21 122.73
338.9 632.77 162.79 890.99 805.89 1005.42 588.25
769.14 664.9 632.29 833.29 469.71 569.21 1202.22
567.95 900.32 706.21 614.33 846.67 484.25 821.07
376.22 994.26 1232.93 385.79 545.34 159.71 175.4
1137.98 217.74 1074.31 386 716.23 520.8 46.34
767.75 707.83 244.86 875.73 544.23 864.98 705.43
431.25 897.39 658.77 329.63 225.19 628.73 773.32
774.27 419.62 957.75 642.74 666.56 178.34 936.64
257.32 218.53 390.64 520.54 581.2 513.81 874.45
52.68 535.26 454.35 380.09 921.12 788.21 282.0
365.42 595.21 514.72 564.28 446.55 766.73 612.22
297.98 280.81 475.96 889.75 583.47 389.93 776.16
665.6 1044.27 205.18 774.88 676.22 969.91 956.89
616.98 460.47 403.85 672.45 871.8 452.59 334.29
546.26 691.88 774.46 102.06 550.79 955.72 570.63
544.39 649.56 763.83 749.49 463.63 710.53 752.06
169 210.04 347.97 662.89 361.17 448.93 444.62
511.41 421.86 233.19 96.86 284.34 240.34 364.0
600.99 587.56 116.12 169.02 344.79 314.39 269.2
806.6 284.43 632.39 492.6 541.76 470.96 467.15
805.76 441.15 338.72 185.68 685.53 202.76 539.73
623.06 363.33 290.27 436.14 547.75 582.18 175.57
402.89 512.56 330.49 649.12 488.55 718.99 719.94
408.59 375.69 299.6 375.3 376.59 411.54 664.51
111.29 251.34 299.01 278.52 324.67 459.04 571.81
710.03 186.79 443.18 684.15 158.11 328.94 89.13
599.91 337.98 498.98 775.48 444.24 44.87 444.76
396.95 700.44 449.09 558.61 223 352.11 477.57
715.05 503.12 330.52 495.75 651.34 555.0 336.58
48.9 302.95 323.62 255.1 703.56 672.06 108.91
40.05 485.86 414.96 263.07 936.42 173.32 709.44
624.97 630.22 521.53 438.04 923.47 355.51 286.17
221.05 719.74 323.1 660.84 587.62 480.9 427.37
457.8 518.01 716.97 241.18 538.31 462.93 471.68
783.16 581.65 707.09 837.56 265.21 291.38 357.32
238.36 519.44 491.5 746.18 221.8 395.0 357.38
328.23 465.31 408.87 531.25 846.32 239.14 564.06
659.73 267.16 472.6 124.05 636.08 269.83 629.15
900.27 369.38 175.26 314.62 266.33 817.58 330.08
701.95 405 292.24 431.79 707.83 442.96 387.44
487.47 590.48 507.2 278.65 31.92 305.16 269.83
308.35 672.87 649.97 105.23 81.76 425.38 383.64
237.57 891.09 226.17 690.98 563.82 606.08 513.74
462.71 885.27 401.35 317.87 177.68 720.36 281.33
620.35 616.11 421.28 366.26 461.71 543.73 668.22
221.01 488.97 496.04 411.25 734.96 555.07 726.87
799.3 322.74 335.94 344.2 299.42 463.6 440.37
725.71 161.42 337.42 310.99 283.96 411.91 441.63
561.36 796.55 191.3 523.45 684.28 229.57 414.89
70.03 635.4 307.57 568.14 858.0 411.3 125.34
374.61 326.3 779.55 387.18 645.18 285 203.65
182.41 654.6 98.96 816.34 512.02 180.15 160.21
341.82 496.09 505.5 393.5 727.36 431.52 494.07
481.56 568.24 118.77 317.85 557.54 471.17 658.8
552.0 241.87 449.63 528.45 699.75 527.63 766.9
641.23 469.6 723.48 276.75 300.11 836.18 290.41
181.67 578.36 763.41 243.71 405.83 135.9 771.28
123.15 305.6 401.32 866.13 454.25 809.02 709.62
434.56 767.09 36.06 450.43 559.27 363.4 149.52
462.33 473.15 102.33 729.13 803.53 347.35 446.13
251.55 864.62 328.45 72.88 456.57 653.11 660.0
262.27 467.56 754.49 371.96 826.75 781.26 440.35
817.23 158.45 270 741.61 559.6 109.42 804.29
671.07 256.84 919.2 590.3 883.64 702.21 424.56
912.98 628.8 391.41 284.48 624.99 765.44 809.22
447.05 961.1 709.08 644.46 242.2 975.43 311.17
232.07 352.77 588.25 542.9 488.09 881.29 17.87
556.52 510.79 322.07 949.31 817.91 268.96 316.54
652.46 520.07 608.59 400.8 800.8 672.9 345.6
213.69 542.19 864.43 551.93 397.84 748.27 706.39
1065.56 271.79 787.19 706.13 983.58 968.53 654.05
421.04 351.45 734.71 880.76 500.26 270.17 560.49
728.17 777.74 96.72 523.9 993.9 637.2 505.69
657.96 729.25 718.67 529.35 673.84 803.65 259
703.22 518.51 76.18 763.62 662.78 221.25 877.76
548.7 847.26 674.18 397.65 877.61 615.7 352.92
245.21 597.1 739.71 768.81 407.83 930.39 674.01
626.38 205.81 934.49 270.3 195.74 344.94 556.43
535.66 472.03 849.1 25.0 519.06 470.16 333.23
910.34 778.53 244.58 318.03 611.92 488.04 567.06
399.5 760.54 633.5 304.03 240.53 507.15 848.51
539.81 364.48 733.9 665.15 1028.47 238.28 752.87
666.64 948.91 934.57 613.24 414.54 356.38 696.03
847.75 458.66 290.08 525.24 687.51 746.92 64.56
508.65 953.04 602.54 498.72 624.95 719.42 706.22
493.66 665.5 762.18 374 758.99 666.29 408.56
871.5 402.35 354.77 1014.66 728.1 854.05 586.3
357.29 865.93 394.94 633.67 530.7 518.58 619.64
867.79 524.94 851.36 965.5 445.96 514.86 1042.17
530.42 351.77 158.64 867.65 281.08 302.89 794.42
335.92 581.89 710.96 5.4 962.4 849.06 266.36
80.03 844.51 479.42 735.41 131.18 855.59 885.23
532.51 156.41 804.07 631.11 322.07 407.52 511.82
804.58 1036.37 555.68 735.72 749.93 921.95 898.08
739.43 182.18 58.61 954.7 804.16 658.02 85.37
552.28 801.27 683.84 310.46 323.4 1056.21 898.61
248.13 604.4 465.45 471.75 787.12 405.17 952.03
474 246.03 235.44 490.19 368.17 461.85 274.46
519.04 315.97 359.29 220.42 156.43 384.51 373.56
439.77 416.06 161.4 302.34 361.0 150.78 443.13
683.45 315.18 459.11 533.47 371.57 300.5 358.75
660.87 404.83 279.42 356.66 518.29 86.13 401.61
509.36 451.35 336.36 283.44 432.94 476.17 43.97
306.3 422.32 347.87 539.26 320.38 579.81 575.16
507.52 348.37 132.19 435.6 328.62 543.87 492.39
257.61 242.8 454.07 439.17 262.46 375.27 466.61
606.7 353.21 306.1 556.96 39.37 306.04 262.61
432.99 298.2 546.15 642.09 393.07 131.83 481.24
439.6 555.06 463.06 505.75 453 715.46 832.92
952.15 865.39 264.18 756.44 1009.51 912.5 664.62
414.14 563.5 633.67 296.77 1019.94 964.08 444.63
343.64 846.94 745.39 486.7 1286.07 304.56 987.76
971.81 930.6 777.71 573.74 1255.82 390.05 443.12
514.14 924.38 676.32 1003.01 668.13 812.63 784.21
680.5 628.69 1074.69 566.79 898.16 544.16 833.03
1139.51 891.42 819.83 1171.32 101.04 372.94 650.02
182.24 885.27 772.33 1029.48 570.36 760.79 632.16
599.64 829.9 509.17 613.44 1205.06 541.01 908.43
751.72 617.31 838.36 466.5 853.82 405.6 972.65
1243.25 426.53 539.98 201.3 206.25 1151.08 261.35
1067.92 470 725.56 532.24 60.35 778.95 704.44
250.84 888.01 556.78 873.18 709.35 434.12 905.04
656.92 343.86 239.18 632.48 776.34 785.23 429.04
963.11 656.92 666.48 192.64 948.24 270.71 224.66
386.63 534.35 577.35 512.77 880.45 40.86 543.72
468.17 370.95 931.01 798.31 283.08 358.7 609.13
520.15 576.58 440.74 777.54 626.41 310.55 268.35
490.17 889.09 581.19 395.64 774.86 677.42 1053.01
219.37 781.87 686.3 977.24 963.84 628.2 456.21
396.28 686.73 878.21 465.31 323.16 553.43 703.02
779.72 102.23 549.54 967.23 584.78 540.41 655.73
760.99 747.51 477.89 707.16 765.4 144 92.6
199.84 601.44 224.3 577.64 401.4 377.92 267.03
229.99 253.49 309.83 267.49 489.02 479.65 489.83
238.58 329.39 213.6 219.61 378.59 652.08 417.08
541.91 382.53 441.32 425.49 512.07 662.87 541.57
421.13 284.28 644.26 101.03 396.96 662.82 300.47
182.92 429.75 586.45 424.52 190.41 245.88 574.05
199.73 491.78 385.24 728.42 578.13 567.07 480.21
273.44 522.96 217.84 408.47 566.92 166.6 100.61
343.32 337.17 164.27 525.47 620.01 551.02 269.83
303.62 708.91 114.18 175.79 231.8 561.27 433.47
394.23 625.68 534.83 127.96 584.33 538.22 559.41
578.32 401.03 58 140.24 357.32 752.8 275.03
576.88 542.71 411.6 415.3 96.86 215.91 407.86
114.15 494.83 642.29 650.97 252.66 260.08 254.39
377.16 222.64 794.07 413.46 701.83 375.19 602.72
568.26 599.17 817.8 577.11 475.17 129.8 787.27
254.93 554.11 754.98 230.79 187.17 551.48 678.99
562.48 288.66 390.76 647.76 241.45 629.43 546.83
843.0 734.27 499.09 511.47 402.51 489.76 329.3
279.08 728.31 29.8 202.65 185.59 175.57 298.01
594.6 705.17 681.77 110.32 463.44 812.67 238.71
270.66 133.22 702.36 474.63 378.29 774.76 580.88
153.66 565.76 517.45 716.14 576.77 497.0 201
532.21 560.99 606.18 676.62 134.2 414.84 830.31
640.71 567.22 263.25 233.92 563.07 52.48 693.85
627.2 224.34 268.66 664.45 443.82 506.01 986.51
81.35 646.29 825.18 597.99 434.66 238.91 936.82
108.49 97.2 467.49 580.91 415.09 700.51 365.92
702.06 620.51 334.77 307.77 796.44 285.67 633.7
234.95 650.25 855.96 565.02 504.94 855.15 282.4
46.06 327.67 166.04 655.24 734.08 688.79 445.23
552.96 603.23 574.75 590.26 185.93 307.67 925.59
483.96 612.85 445.83 359.4 625.1 363.73 508.33
59.62 833.43 935.38 125.75 340.57 168.2 141.79
835.08 135.76 834.65 372 253.98 177.19 630.79
153.54 844.92 504.6 202.44 131.07 397.27 536.52
519.91 448.9 756.06 392.88 463.92 515.83 611.25
174.13 318.58 611.23 415.2 690.66 521.49 279.11
421.83 518.73 708.19 474.13 788.17 661.43 522.22
704.12 298.91 257.1 838.79 344.31 237.59 578.28
767.87 188.51 428.97 113.21 781.89 179.03 249.72
377.32 858.76 402.65 850.1 733.24 442.21 802.56
66.25 505.02 525.1 413.59 195.46 518.16 528.64
124.06 742.34 809.48 291.92 499.31 223.1 862.0
354.62 123.37 503.6 637.8 682.69 300.36 412.48
773.41 410.77 858.81 814.3 389.56 845.96 121.03
198 746.78 559.28 95.41 805.14 693.41 265.38
917.1 586.8 891.33 716.69 439.6 921.74 649.83
379.13 273.67 639.54 781.28 810.73 451.03 973.83
692.9 663.79 228.29 975.42 303.42 239.87 375.02
569.93 565.43 508.08 892.89 22.67 562.97 501.93
346.43 953.56 821.5 285.15 340.37 643.21 531.75
605.91 424.33 802.66 661.49 340.97 235.95 526.15
884.62 573.22 408.41 768.95 705.36 1072.42 255.35
796.96 709.55 993.03 978.64 654.56 443.65 375.63
722.2 891.69 495.91 293.86 569.37 729.07 790.37
107.53 544.19 994.16 620.75 528.25 668.87 751.23
739.93 513.87 696.17 797.58 40 120.51 262.54
738.2 42.96 772.59 566.09 182.39 275.43 212.07
425.1 509.34 263.48 685.07 545.83 592.86 431.17
486.04 20.47 367.15 435.06 607.34 609.09 650.2
179.98 545.49 586.76 711.35 662.43 744.1 624.61
353.09 796.88 281.18 423.52 858.87 158.75 50.5
613.8 783.15 380.2 392.92 247.94 775.82 14.14
442.06 492.21 911.39 586.92 728.43 681.84 458.95
704.29 145.08 315.65 663.87 261.38 113.06 328.65
342.02 165.98 728.14 818.81 481.39 327.42 357.58
899.09 314.55 92.85 363.54 719.54 636.09 193.42
603.91 738.2 313.89 772.91 725.4 572.06 773.03
272.0 449 723.53 515.69 586.46 643.31 1152.41
639.63 631.86 446.41 881.98 941.19 787.45 932.87
1072.54 340.98 439.42 891.36 1023.73 664.25 585.91
1082.85 83.6 1033.07 460.09 729.9 445.86 632.02
898.48 106.3 1053.31 936.59 989.62 677.88 665.82
328.69 964.64 832.09 726.4 739.46 919.13 302.99
764.42 469.77 975.13 669.03 240.79 462.59 902.07
169.36 1237.54 1020.17 693.41 1157.57 543.58 993.58
424.14 873.16 659.39 1005.02 1012.59 562.42 959.61
964.97 219.27 970.25 424.88 943.39 721.68 604.44
943.58 666.05 970.31 750.94 88.37 1024.73 821.36
1187.94 1153.05 188.49 1154.38 447.93 483 442.68
300.96 269.93 525.94 506.54 50.14 658.95 359.41
578.73 415.18 156.98 607.5 434.36 316.67 245.61
339.97 487.88 526.72 163.21 662.92 631.07 415.32
270.02 699.5 216.93 76.5 253.68 562.46 400.28
289.49 579.54 293.77 255.18 355.41 363.93 652.29
524.48 102.62 297.4 480.9 220.0 367.69 331.94
516.39 527.5 191.1 387.27 484.7 638.79 372.62
95.0 537.24 444.65 761.56 310.82 482.13 415.01
678.3 663.83 382.71 308.46 341.9 598.29 577.4
291.22 384.56 255.03 451.39 479.78 208.76 325.76
716.01 571.95 371.06 354.81 549.68 522.02 465.24
508.77 583.65 327 296.31 412.56 667.99 447.35
365.15 447.67 597.89 490.06 305.13 17.83 263.23
301.73 282.26 642.34 615.08 62.98 100.41 431.2
353.13 279.79 871.45 201.11 654.63 577.98 572.08
473.86 421.56 859.72 368.38 278.94 217.02 679.01
258.28 596.46 575.52 443.12 376.48 419.8 502.66
652.08 184.16 473.54 456.85 416.88 718.2 522.2
684.88 773.77 327.97 302.64 305.44 288.88 457.38
473.6 690.19 183.81 334.97 347.89 322.03 401.84
402.48 521.22 781.54 228.47 499.61 642.89 202.93
412.45 106.84 594.2 270.99 583.75 835.64 376.01
111.79 358.66 310.71 753.85 365.16 640.43 320
615.35 675.14 728.99 764.79 56.74 542.54 917.36
755.56 619.35 317.04 360.94 604.89 75.73 821.53
755.36 306.83 286.94 750.22 565.53 510.58 1110.0
128.28 773.76 901.0 726.14 561.86 346.09 1063.81
164.77 223.24 495.3 697.67 523.54 823.89 446.39
762.87 698.72 459.8 402.29 914.1 398.02 746.29
319.07 735.87 975.28 692.58 595.79 981.61 187.55
146.77 453.76 73.74 757.1 769.2 816.43 502.82
645.5 630.85 599.7 694.42 281.75 390.08 1044.12
516.83 734.14 529.75 465.27 720.88 406.72 628.96
185.7 906.78 1060.47 200.23 422.54 41.57 28.44
961.48 54.99 939.36 283 431.51 448.41 539.44
571.68 246.46 331.49 725.14 528.2 487.7 202.79
135.23 491.76 160.13 593.93 535.88 139.82 242.15
560.85 333.57 468.3 877.86 123.87 561.29 725.99
502.51 354.42 230.26 833.89 194.4 84.76 411.76
529.55 303.27 591.75 381.87 613.6 521.7 268.91
310.66 684.49 173.42 521.1 262.07 546.84 744.6
464.94 499.28 750.92 347.57 133.07 223.86 247.34
544.6 663.95 602.38 365.52 446.71 542.15 516.8
479.09 207.73 326.79 813.95 423.08 502.4 452.13
248.73 516.87 301.67 449.66 86.61 735.62 828.63
191.55 245.88 273.63 238.08 730.74 247.89 722.96
33 814.89 645.51 206.07 887.18 664.25 327.76
1007.15 681.0 949.3 744.38 468.35 975.2 634.14
488.61 381.54 667.67 800.85 890.75 525.23 1008.95
804.92 661.72 339.12 1059.62 406.9 305.78 353.92
681.63 535.96 503.57 933.88 115.01 627.67 606.86
280.47 1024.18 894.77 313.13 298.15 748.65 575.41
698.09 384.38 881.61 769.96 438.56 141.76 638.13
873.85 556.38 458.99 755.02 793.01 1133.07 367.36
846.72 783.83 1043.3 1026.06 738.07 416.0 322.84
831.9 935.81 592.3 211.01 624.64 811.18 827.03
174.18 536.53 1077.52 732.8 499.02 714.49 725.29
721.13 625.68 667.09 897.1 480 667.19 593.33
414.48 785.83 325.88 305.88 932.22 660.45 755.95
485.12 265.4 766.47 304.52 600.92 505.36 417.88
519.06 780.72 451.91 750.2 928.72 348.82 500.56
954.41 495.98 310.12 63.14 842.93 198.26 202.02
693.41 359.25 495.41 661.02 99.59 867.85 757.99
207.49 40.57 788.19 385.8 664.89 46.18 768.06
834.19 487.85 235.38 772.95 544.04 228.61 327.54
424.25 725.99 937.42 543.53 636.69 662.34 821.51
797.35 659.72 84.7 45.79 904.77 703.44 598.04
175.53 461.15 717.84 582.89 310.26 224.25 967.62
865.15 161.97 506.48 387.52 387.03 754.77 328.72
881.88 16 274.6 282.42 504.38 405.4 415.44
284.78 557.77 362.95 369.73 187.61 132.97 389.19
326.97 476.72 445.14 120.93 267.15 396.6 190.48
428.34 728.68 268.24 484.76 566.78 402.59 311.18
331.88 702.51 362.36 238.7 346.81 524.46 131.74
445.62 485.66 473.7 365.91 277.0 409.09 522.95
14.76 353.25 390.68 383.03 585.78 353.82 566.94
617.08 463.46 304.24 139.79 389.09 372.61 554.31
520.16 258.86 279.63 454.73 436.86 307.08 341.4
439.77 653.44 347.0 350.87 538.64 77.06 346.7
245.07 438.85 254.87 578.37 686.05 352.69 125.42
434.26 392.63 596.91 416.61 551.23 66 637.71
448.26 59.29 694.0 652.25 165.44 806.93 477.74
785.22 628.03 356.33 817.36 597.17 290.39 181.79
551.68 697.46 699.63 341.32 878.45 617.46 598.82
151.78 864.38 201.91 139.05 340.74 507.13 528.4
449.99 794.67 95.7 455.69 401.94 360.66 843.6
711.16 213.36 330.61 543.78 435.5 496.13 404.98
691.62 567.89 233.33 292.98 451.43 823.32 523.89
310.53 712.14 594.61 964.98 190.54 694.77 599.16
889.81 876.78 543.43 410.71 373.31 631.88 791.82
387.8 331.72 466.14 617.93 695.29 55.56 487.52
883.07 547.14 492.48 569.73 705.74 688.05 436.61
654.88 691.74 443 511.06 674.0 911.04 654.51
369.97 694.43 789.62 748.51 431.45 250.08 496.56
395.46 336.48 909.61 877.36 314.06 167.62 634.18
620.7 241.72 1133.09 281.5 913.31 742.01 836.06
719.57 592.28 1126.92 454.67 436.71 277.01 907.16
523.52 862.57 726.15 577.36 566.79 645.21 666.11
908.59 447.18 729.35 595.15 621.06 975.62 787.82
862.64 1040.94 163.72 404.56 560.41 240.28 694.49
527.63 950.83 354.17 565.4 388.01 355.61 648.22
545.65 667.9 1035.78 304.56 765.65 805.66 470.13
640.82 257.21 825.97 407.6 740.76 1100.47 481.77
367.52 321.31 285.64 1021.1 368.05 871.46 388
589.36 383.79 532.61 512.81 1038.29 543.83 514.4
312.73 748.42 811.48 673.54 799.17 956.03 257.16
364.98 764.42 893.7 533.29 464.23 948.66 81.27
912.1 399.84 610.47 358.38 540.45 801.67 130.0
945.35 824.88 855.47 624.43 536.26 205.23 883.36
702.98 593.98 643.25 831.03 170.87 640.29 335.73
879.56 537.43 114.16 362.06 838.96 106.73 1111.7
907.87 578.96 1035.89 410.53 864.1 372.66 739.13
525.21 871.69 878.82 428.21 858.92 877.11 122.98
836.04 298.29 871.99 593.2 471.17 810.75 597.08
857.1 631.87 53.93 918.84 690.18 1070.56 1033.82
114.44 1040.12 330.93 248 466.0 416.22 416.98
588.68 319.8 218.27 737.74 490.62 557.41 307.83
67.36 571.19 248.84 502.3 431.17 233.18 360.8
582.32 280.92 575.39 807.44 241.16 449.78 755.11
403.72 238.52 139.21 747.33 219.25 102.68 508.33
404.59 299.48 524.27 294.0 666.39 557.01 144.82
217.68 634.93 184.34 490.01 200.91 569.33 689.21
374.65 389.79 667.75 465.93 185.96 152.41 357.3
537.61 740.49 492.22 440.37 463.93 630.44 608.48
470.6 156.32 247.03 760.06 515.02 444.78 352.36
260.78 523.39 398.16 325.09 139.2 767.75 751.97
195.01 307.88 363.47 338.02 647.96 322.0 703.86
319 628.24 743.12 877.53 778.69 221.26 676.42
924.32 822.65 585.46 325.13 480.7 557.68 229.59
934.0 881.16 354.86 257.18 760.64 657.15 422.31
1196.79 222.12 906.92 889.81 846.41 698.55 509.93
1168.32 336.24 369.74 438.68 855.03 586.52 914.2
618.24 733.75 699.11 604.94 571.45 984.86 478.12
808.29 489.84 746.63 1049.74 805.89 766.55 1083.57
22.75 307.35 564.91 108.77 796.17 704.12 948.1
486.32 672.33 562.96 530.36 740.35 449.39 561.53
1115.21 464.78 819.34 701.44 527.55 749.93 382.25
781.48 333.08 891.52 1154.57 370.65 450.62 160.6
145.46 1063.33 218.67 979.02 71 168.87 204.79
682.83 53.04 800.85 528.97 166.99 197.66 297.32
470.17 504.61 349.03 712.07 470.37 527.33 462.18
539.16 72.08 331.06 515.69 517.56 640.75 585.23
211.4 481.62 547.04 702.69 573.96 758.32 634.21
429.39 748.25 272.57 342.06 843.45 244.33 136.01
589.05 769.42 290.45 398.12 171.4 772.06 76.62
352.17 431.18 881.34 499.86 781.25 699.14 440.22
745.1 63.23 403.92 594.86 326.89 123.73 416.78
428.44 111.87 727.85 808.12 392.6 405.18 286.17
876.06 319.13 49.3 423.47 675.18 650.6 230.51
514.29 748.08 348.89 807.91 761.62 485.62 801.6
192.83 490 625.35 389.99 273.36 612.82 888.64
355.26 675.44 364.26 792.64 749.92 535.03 837.31
817.12 96.69 140.14 684.88 831.08 627.28 380.69
950.9 328.82 793.48 147.6 757.47 167.44 341.28
606.59 208.09 777.31 672.03 857.48 365.19 494.56
221.28 656.45 797.28 667.41 451.05 616.7 334.8
551.38 391.46 680.22 625.18 328.22 210.66 588.57
163.23 1013.03 754.71 448.9 917.22 498.3 947.13
110.7 741.38 566.99 913.91 911.37 477.57 672.32
661.79 376.84 845.15 284.6 630.93 536.73 546.47
782.71 354.13 708.54 778.73 256.32 745.21 649.42
932.51 904.17 153.83 890.92 514.44 448 544.29
701.85 923.24 688.74 354.48 708.53 824.82 777.26
467.4 274.74 509.55 431.58 329.27 931.6 895.94
334.23 191.96 668.57 643.48 276.6 1161.19 281.83
930.29 777.89 855.59 733.26 593.52 1151.92 447.06
439.36 313.07 915.89 549.78 888.52 722.78 613.44
601.57 654.98 665.29 937.97 467.73 758.68 591.62
655.35 1004.85 808.43 862.35 1065.97 135.21 400.69
577.55 224.8 726.5 562.84 968.54 388.36 597.67
423.56 391.23 678.99 543.66 664.59 1065.75 340.61
791.62 803.42 495.15 673.53 289.88 835.85 408.3
776.74 1127.23 476.03 395.47 302.23 270.27 1046.04
352.37 904.39 357 776.75 685.57 423.82 890.08
405.08 374.06 1033.53 747.49 870.22 599.95 374.8
881.45 401.84 652.0 548.64 533.13 631.46 886.23
544.18 864.18 983.91 455.49 531.93 1060.55 548.95
370.86 174.81 885.23 286.41 315.43 808.52 349.26
600.3 730.1 24.44 979.65 866.96 285.75 97.94
863.81 496.73 754.76 140.53 873.97 904.37 551.54
159.77 822.17 636.24 330.4 426.36 517.37 823.66
1052.18 572.47 751.46 768.28 936.77 912.59 758.44
193.22 70.39 973.79 818.68 677.4 86.59 570.07
820.03 698.04 326.87 334.38 1074.49 916.83 254.74
620.6 468.27 476.51 805.32 407.89 971.4 18
272.99 248.34 704.59 137.68 895.83 577.52 132.01
205.14 392.69 572.39 582.9 444.02 806.86 461.45
536.4 560.32 642.64 160.19 388.44 615.07 442.63
737.93 593.73 217.95 495.07 592.16 775.04 519.52
846.08 720.2 530.89 778.35 355.69 323.45 908.62
313.23 230.86 649.0 836.81 231.9 485.1 187.33
847.53 170.31 283.4 451.3 931.89 454.38 884.39
789.07 509.16 845.23 112.91 474.46 595.78 430.66
224.87 507.42 522.17 179.86 806.32 877.72 310.42
506.01 296.77 933.82 407.95 147.32 527.58 711.99
739.34 239.57 451.13 833.26 449.42 905.77 860.09
443.3 896.71 91.37 82 391.01 317.07 382.52
502.07 408.16 163.73 647.81 390.69 503.67 302.94
43.43 525.27 329.28 417.44 358.92 226.28 372.36
497.81 180.82 559.67 712.36 301.22 387.19 672.09
324.91 189.2 221.72 659.56 317.14 193.9 481.55
392.6 211.89 427.55 366.23 597.91 480.05 140.33
290.57 535.22 123.31 390.65 292.92 485.51 590.28
288.4 433.34 577.9 522.83 276.79 52.87 424.9
442.91 688.5 427.23 395.33 379.82 591.38 573.4
376.23 253.35 327.54 661.01 482.98 345.61 410.49
185.23 433.44 376.44 307.42 226.25 686.08 659.16
294.66 262.08 445.13 413.46 557.85 410.11 605.48
154 371.27 193.47 543.49 295.26 886.25 463.75
326.15 112.98 528.19 617.09 533.88 579.1 799.39
276.99 366.54 580.71 697.21 314.9 315.26 731.87
284.35 743.99 420.99 413.85 332.76 471.2 699.74
331.44 811.04 684.7 639.61 625.91 349.25 138.4
812.31 486.61 373.83 552.6 747.63 52.8 470.09
127.62 777.13 318.15 120.12 301.73 806.84 260.42
926.63 763.56 443.82 863.64 190.14 646.74 415.6
524.93 307.48 651.33 658.85 212.5 745.25 792.14
180.45 619.09 159.34 821.86 408.58 250.77 603.49
571.32 711.87 435.45 272.47 790.43 491.74 909.47
868.38 248.15 887.69 165.81 164 649.4 509.08
216.78 737.93 506.55 179.28 869.77 559.78 774.03
558.91 283.83 796.98 463.97 434.58 330.09 482.32
615.57 738.51 374.75 824.06 766.6 482.76 314.01
911.49 332.96 167.15 188.16 666.48 378.78 325.19
750.46 165.8 462.07 521.57 195.82 859.07 733.83
131.72 163.77 659.54 395.14 571.67 242.4 728.0
695.01 341.85 175.66 603.87 700.61 386.93 285.84
583.78 654.87 958.7 355.35 667.17 625.7 863.13
844.68 594.09 257.23 205.71 763.12 753.43 480.43
184.73 450.83 663.35 642.74 113.31 360.25 927.92
698.81 341.69 533.79 564.3 553.66 587.28 509.3
783.69 488 581.46 679.58 801.02 732.62 166.32
600.35 881.54 759.71 557.28 274.78 405.49 535.34
156.46 861.03 806.12 292.37 219.72 715.75 587.44
419.8 1129.66 146.44 831.11 853.99 772.07 622.32
435.94 1097.17 268.53 293.53 419.42 779.11 523.33
845.68 549.91 704.63 657.61 528.43 499.85 921.45
409.64 746.71 420.06 701.52 985.49 732.54 696.04
1012.83 83.99 233.85 491.18 37.91 741.51 691.64
872.47 449.39 620.97 550.88 518.72 683.21 377.3
492.5 1052.02 443.65 751.73 632.55 464.0 698.34
346.79 705.14 257.1 857.37 1085.65 301.22 396.32
115.81 82.53 992.58 164.18 924.93 118 115.16
325.41 721.89 257.89 572.9 513.16 400.2 384.78
118.02 213.82 384.38 143.41 488.92 609.69 618.53
240.83 267.14 238.37 345.08 253.08 765.13 408.59
669.57 371.42 570.24 538.53 578.74 786.6 566.0
459.85 159.29 757.75 222.95 522.42 734.19 237.98
174.96 525.02 657.91 533.9 263.59 360.65 629.93
224.79 601.03 514.31 818.42 702.83 508.88 500.72
374.29 491.86 303.51 302.74 695.84 44.71 175.21
216.74 207.89 268.82 577.35 685.49 654.64 141.6
431.28 789.94 209.36 246.29 143.53 673.08 461.68
376.36 744.57 567.81 133.46 565.35 517.15 684.59
572.95 475.17 369 32.11 205.26 656.57 137.12
662.7 469.4 290.65 250.41 198.82 324.63 396.64
246.58 574.54 498.86 527.18 321.61 393.32 124.81
275.11 392.26 623.98 500.4 582.48 293.63 478.52
491.87 598.93 654.15 630.36 510.35 300.48 707.5
173.42 395.36 748.07 227.56 98.87 508.28 671.98
392.15 278.93 224.38 662.27 110.77 458.91 422.84
807.08 572.38 635.32 568.55 352.0 601.07 159.55
357.31 602.22 188.68 32.2 322.26 324.71 129.72
614.18 706.66 511.04 279.49 311.69 791.18 201.12
103.96 279.74 626.95 522.29 305.86 607.12 624.01
205.71 666.22 619.33 555.1 663.26 334.91 18
798.39 607.83 133.73 854.36 732.48 317.8 963.79
632.43 943.6 767.73 490.26 974.14 692.61 413.27
311.38 690.54 831.4 860.4 502.3 1025.7 717.05
709.87 261.26 1023.9 345.22 292.26 414.87 588.64
603.97 553.1 945.08 73.93 615.02 541.06 369.59
1004.74 872.4 334.92 373.03 681.32 583.89 652.34
458.61 852.57 695.92 386.19 242.45 551.32 929.13
615.44 460.74 812.48 753.18 1124.5 282.23 849.38
760.4 1045.45 1031.05 703.64 482.11 404.7 754.42
944.01 540.84 307.94 621.78 778.37 842.27 159.54
588.63 1042.84 644.46 566.7 721.18 791.42 782.11
540.46 735.27 839.94 410 732.04 657.74 446.49
851.4 341.07 362.43 997.79 723.85 817.7 540.69
330.64 826.68 336.19 652.57 553.47 476.19 568.99
846.21 516.16 803.06 982.62 390.82 543.51 1019.82
547.97 363.88 128.63 891.67 220.9 254.89 749.97
380.86 560.97 719.35 63.38 931.72 822.95 266.56
73.29 848.74 450.41 728.9 77.13 833.52 893.14
543.84 217.01 824.32 570.87 265.14 392.69 451.86
791.27 998.16 585.62 697.6 727.82 879.87 854.93
725.08 131.27 27.22 963.43 761.12 659.4 146.72
526.27 783.41 639.87 344.5 271.34 1032.94 917.63
189.09 568.68 404.19 411.26 806.62 343.89 945.96
274 791.39 684.93 387.14 898.34 455.47 363.71
1038.58 742.87 892.97 632.03 392.33 906.86 447.82
628.81 523.12 562.53 668.32 895.79 544.85 898.31
960.67 497.29 501.74 1070.31 527.73 356.86 201.04
856.78 334.35 351.2 838.98 307.67 610.66 715.06
52.45 997.01 880.55 284.11 119.89 851.56 514.77
752.0 183.45 884.0 888.93 535.43 107.11 796.98
684.36 374.36 433.47 565.02 826.34 1076.3 540.88
776.15 778.75 964.73 941.62 762.29 232.89 110.47
957.43 847.77 668.51 33.73 584.98 826.61 728.29
295.22 373.57 1085.04 892.27 301.19 643.62 518.6
525.05 780.81 458.29 967.4 258 518.7 655.09
850.27 667.55 284.57 637.68 810.21 732.71 465.66
226.49 438.21 436.83 252.45 871.05 830.11 274.69
148.39 648.65 585.42 304.19 1113.56 203.9 862.28
771.98 791.21 661.95 515.51 1096.76 370.55 361.71
317.69 840.41 499.98 836.14 644.93 613.89 584.97
580.48 587.16 894.69 406.9 715.98 513.78 634.87
960.86 745.86 784.22 1011.06 101.78 322.84 510.75
155.17 693.69 583.69 901.39 370.78 566.95 442.45
409.88 641.61 465.58 586.72 1023.99 343.92 739.65
725.41 442.97 644.2 267.2 761.19 330.29 773.01
1076.17 398.76 352.36 237.61 200.34 990.96 282.69
874.9 237 416.5 183.45 323.12 422.03 740.87
251.79 512.09 180.16 583.08 551.45 375.75 626.96
660.66 114.66 154.63 492.33 633.92 433.38 181.56
740.87 381.27 622.91 212.52 581.4 112.26 254.08
504.91 332.01 645.31 525.89 647.15 402.04 286.43
105.48 600.35 597.92 465.34 348.55 541.31 242.14
360.53 203.67 583.15 429.11 279.71 76.78 583.25
247.74 832.93 609.24 281.55 747.71 310.89 742.51
221.62 530.66 360.34 703.56 700.52 276.98 559.91
587.05 349.58 634.38 87.99 602.32 333.04 350.13
575.85 346.08 558.97 601.68 326.42 618.67 443.72
776.1 741.69 227.5 742.81 384.19 277 267.43
502.67 919.86 346.53 683.04 710.52 439.41 547.82
100.16 337.15 569.84 55.21 610.22 794.78 812.2
395.18 345.07 324.1 541.45 164.11 908.08 528.41
864.59 368.29 763.59 736.05 753.99 950.35 707.24
619.07 136.76 955.07 419.93 694.07 909.76 197.42
256.21 717.16 834.8 677.69 453.62 521.06 795.99
316.26 742.01 707.43 1005.37 869.87 550.28 641.87
569.94 575.6 436.99 137.25 889.08 181.59 329.48
24.58 46.57 426.26 741.85 857.6 784.81 116.0
609.65 971.51 406.51 376.14 235.94 870.14 612.19
361.66 898.78 716.85 315.37 658.69 611.64 852.99
682.34 573.81 280 422.48 410.86 483.4 555.32
290.29 274.3 707.48 489.32 497.89 234.8 79.15
507.71 208.26 539.66 479.33 161.96 286.35 546.49
287.83 502.69 829.48 180.74 504.17 715.98 446.74
297.33 200.34 781.13 216.14 89.77 438.44 476.5
274.77 543.54 356.01 615.03 513.76 214.52 281.36
642.21 146.59 484.53 247.31 532.88 700.58 410.61
461.52 698.87 404.77 164.24 171.03 303.23 517.61
678.71 545.35 378.01 429.55 563.76 540.51 451.0
195.33 304.45 770.59 446.68 456.71 420.18 225.82
495.46 327.83 395.37 112.6 727.08 778.41 203.4
249.22 323.79 291.23 678.75 292.04 691.95 102
639.24 479.08 153.33 716.14 561.32 153.24 841.6
522.76 773.62 580.52 302.68 800.32 512.9 376.19
269.76 503.31 642.95 718.62 352.38 841.15 707.62
524.08 250.2 889.34 277.28 133.48 244.76 604.07
434.98 369.23 763.09 117.48 451.83 471.45 259.35
848.73 720.06 146.54 228.22 611.51 402.6 537.07
304.63 708.99 643.26 292.94 213.62 543.56 745.77
437.2 283.68 631.03 626.47 957.19 291.03 672.6
609.65 869.27 852.9 568.72 314.8 270.63 710.17
763.72 438.92 238.7 449.0 640.5 658.1 48.96
405.79 906.69 638.9 398.31 541.41 617.29 603.48
527.49 564.02 744.55 29 636.12 563.83 405.49
754.85 319.63 282.73 901.44 631.72 725.83 457.8
234.31 736.94 290.2 579.9 486.72 389.4 494.33
749.67 422.6 723.81 905.97 328.72 484.96 923.34
475.02 288.86 32.08 823.26 190.98 177.45 665.44
356.3 464.43 635.78 127.0 837.0 726.91 183.21
56.26 761.4 354.79 635.69 54.83 737.0 808.42
464.39 252.61 751.84 530.41 212.93 297.42 410.88
695.64 907.64 528.25 606.93 631.29 792.71 768.89
629.27 70.17 76.39 879.14 674.97 570.82 197.91
430.05 687.01 554.81 301.05 202.72 936.53 843.28
153.77 476.26 379.85 375.62 733.39 322.44 852.57
482 653.05 457.15 599.69 564.51 1117.88 622.24
546.69 382.94 807.82 886.1 753.24 859.11 1035.41
331.42 437.61 840.95 967.96 585.9 543.08 1013.68
2.79 990.7 468.21 645.03 434.5 618.11 880.5
146.71 1025.12 904.64 921.33 691.81 611.47 284.43
959.43 751.53 649.94 721.86 908.47 229.37 718.19
404.1 958.28 591.47 163.5 440.79 910.09 166.87
1188.51 987.6 658.65 1114.24 469.07 913.1 437.61
806.18 589.3 929.96 938.96 493.82 938.24 954.54
133.39 900.91 376.07 945.57 669.07 530.17 881.46
669.33 936.79 665.96 73.12 998.55 763.53 1149.78
1112.74 180.58 1119.71 363.13 392 570.65 726.62
939.97 715.17 353.16 726.52 851.15 802.36 493.24
298.67 527.19 456.89 334.59 953.68 916.28 356.04
216.09 695.01 666.08 299.39 1185.98 292.77 949.74
803.82 876.45 751.0 603.72 1175.38 451.44 450.9
338.69 930.51 573.98 912.46 729.57 638.99 627.98
670.5 673.96 963.27 489.45 783.99 598.54 681.79
1030.08 829.87 871.13 1089.47 124.18 407.98 597.38
224.75 752.62 585.83 988.37 414.8 623.85 447.18
414.99 704.77 551.77 671.51 1091.24 366.27 815.6
810.9 518.88 699.79 316.18 851.25 418.7 802.52
1151.47 481.69 420.44 298.22 269.74 1069.49 350.91
930.69 213 631.9 437.16 593.17 543.38 1100.91
608.93 527.0 362.46 786.56 866.24 736.57 837.86
1018.04 321.08 428.27 821.71 948.0 564.74 525.26
992.56 23.92 972.54 460.99 625.18 423.07 605.52
866.69 152.73 1009.29 888.23 900.26 685.21 591.85
267.21 948.12 730.58 628.7 708.33 896.09 208.2
699.62 383.37 944.61 570.27 142.25 427.14 901.75
161.39 1169.33 971.02 642.01 1095.88 447.82 892.15
431.82 785.21 568.18 908.71 917.71 472.81 923.72
942.16 114.37 879.79 357.65 935.88 649.65 508.92
860.87 660.33 920.09 646.17 73.07 983.09 743.41
1132.2 1094.84 173.24 1102.71 343.21 155 243.94
266.54 735.65 97.11 882.85 596.26 96.49 237.05
348.96 549.11 584.23 399.73 794.1 502.27 571.66
543.67 615.79 118.61 401.68 573.39 494.66 722.39
629.41 170.49 528.54 612.63 780.69 570.54 840.2
715.79 491.9 806.15 352.97 366.13 918.92 262.14
189.23 661.93 845.68 282.58 479.68 215.35 851.15
130.77 335.31 481.97 950.36 503.98 858.37 781.22
516.44 825.48 119.92 423.04 634.06 397.01 204.99
460.63 476.8 183.88 807.79 885.25 362.09 466.26
329.53 948.43 400.89 131.34 496.92 736.69 732.57
191.95 502.9 829.57 429.5 889.29 842.79 492.31
883.58 138.24 453 116.75 345.59 796.16 174.12
707.03 601.83 288.7 380.77 81.28 346.87 501.11
132.34 623.35 639.09 669.55 374.5 392.58 151.58
413.17 306.47 734.15 542.86 724.76 243.16 620.88
625.5 700.69 780.17 699.29 590.11 230.29 843.42
301.1 529.11 854.6 105.61 82.2 629.81 778.02
504.25 378.67 353.4 756.31 142.71 568.15 565.16
927.84 701.27 629.77 634.25 473.99 622.48 263.81
214.94 744.56 162.58 168.31 198.72 210.83 260.08
704.79 808.42 610.74 203.3 450.57 905.28 310.51
203.46 265.43 761.24 594.01 245.57 726.28 699.81
262.54 697.87 649.58 685.07 707.03 402.98 42
613.03 422.03 73.66 667.92 648.51 146.71 780.59
451.48 761.73 610.73 341.93 794.5 590.57 269.31
160.98 534.81 681.53 673.68 316.46 858.64 598.46
588.77 137.28 838.16 177.74 120.49 341.17 491.61
526.34 442.7 773.99 122.03 431.93 377.51 372.23
818.42 685.8 205.11 337.28 519.3 416.11 469.8
408.4 665.76 544.69 207.41 313.25 433.14 813.67
518.57 291.09 704.01 568.3 940.9 178.42 672.8
573.79 867.34 854.79 517.3 410.64 381.11 609.35
770.59 361.69 348.28 444.05 591.87 675.77 71.24
480.38 856.88 528.77 490.99 548.99 700.67 681.33
417.75 651.09 665.91 309 808.25 658.6 263.2
893.13 595.06 329.99 1020.97 702.54 932.66 707.11
437.66 954.68 571.89 536.05 427.47 631.81 757.49
894.62 529.0 974.36 860.81 606.68 392.48 1066.62
445.31 312.51 295.07 743.68 468.01 449.86 904.1
172.57 620.74 644.11 201.33 1017.99 892.05 290.26
229.57 785.49 552.64 717.02 314.11 884.48 812.67
468.56 59.48 694.08 812.09 494.6 444.99 692.49
805.77 1117.42 425.69 824.41 783.18 1019.74 1000.41
747.06 351.28 248.08 877.35 908.35 617.73 128.38
609.91 817.91 795.1 199.65 480.25 1083.53 789.6
431.74 690.62 657.1 656.4 680.18 597.9 923.65
416 226.12 233.8 510.5 351.93 468.89 295.69
503.76 314.15 337.21 209.39 176.07 362.57 380.15
451.65 432.1 156.26 292.0 343.9 162.37 424.15
686.72 318.27 476.4 515.46 386.87 321.63 378.16
668.69 417.15 292.99 336.69 539.77 78.97 407.14
529.63 430.29 316.88 305.47 453.13 475.57 57.47
302.68 440.38 330.55 539.63 334.66 601.61 582.81
503.87 359.09 154.09 436.53 317.91 521.8 508.83
236.09 226.21 432.4 417.83 252.65 392.46 486.13
606.16 332.56 310.81 578.17 22.21 292.04 244.96
454.55 309.73 527.72 647.33 406.95 112.57 485.55
442.8 562.8 469.98 497.18 460 713.94 529.74
83.72 774.79 665.82 231.22 889.02 559.93 857.54
682.39 405.49 887.65 620.01 362.8 255.35 605.26
747.35 779.94 418.71 939.31 682.8 632.01 214.88
945.7 281.08 205.88 347.64 564.17 538.36 477.05
858.38 13.87 529.57 480.85 330.77 921.19 789.46
251.59 318.16 622.58 497.22 578.31 400.5 771.64
643.74 315.18 233.67 515.9 853.62 543.82 373.96
738.58 676.4 1038.92 246.41 762.65 677.59 958.79
944.29 624.43 416.96 355.65 706.01 857.23 469.85
285.18 535.22 698.68 755.85 73.02 513.48 964.24
611.19 501.33 634.4 722.89 710.38 502.62 668.56
773.26 381 516.84 304.5 176.7 551.8 688.45
155.18 655.01 323.18 675.71 575.55 339.05 713.84
618.0 150.08 61.75 505.01 653.69 559.98 228.14
801.35 481.5 598.13 97.91 718.2 46.83 143.23
410.45 391.78 577.24 472.13 711.34 252.99 350.4
243.96 478.63 714.56 580.66 252.67 429.4 385.58
373.89 343.61 486.05 553.53 413.4 77.0 441.96
321.79 820.34 554.56 259.19 720.75 446.51 847.85
132.34 601.41 469.8 789.24 780.84 401.54 474.38
475.36 479.71 703.64 231.54 468.67 378.16 476.68
623.47 200.64 508.86 737.7 415.27 545.54 490.6
733.07 705.88 304.09 690.75 533.2 345 625.01
403.58 468.71 565.21 1021.83 508.31 582.97 342.67
788.91 821.56 657.18 838.52 942.69 210.26 311.88
768.31 904.35 584.41 459.8 979.19 131.8 905.14
338.26 676.67 315.18 501.23 767.27 61.69 921.85
805.66 885.08 560.82 547.28 208.4 836.82 756.67
640.45 608.2 789.44 228.08 639.2 368.55 844.12
586.88 185.36 331.02 781.05 38.25 1112.69 889.29
563.48 1029.87 456.72 916.31 306.21 767.43 561.12
912.9 917.39 463.42 828.1 835.38 206.32 867.51
305.19 818.95 601.17 515.51 831.0 541.81 839.65
698.25 59.31 893.16 704.89 1058.28 1024.14 56.9
1023.83 402.13 370 392.71 443.9 591.54 538.58
262.14 377.25 692.17 524.43 431.73 137.52 177.89
432.04 173.4 620.51 572.1 84.65 176.23 525.73
344.95 401.55 888.26 106.8 602.4 685.21 535.11
401.7 297.18 854.84 240.88 148.5 347.1 587.81
290.49 603.55 448.33 563.37 480.58 325.47 377.52
684.62 168.64 513.99 326.67 511.47 747.3 492.82
565.9 770.34 311.64 175.39 253.16 227.97 524.18
604.2 642.04 309.2 416.22 479.2 452.98 461.03
272.26 392.81 815.1 359.67 510.34 519.04 231.9
490.09 237.86 506.04 139.89 693.38 843.26 245.59
200.55 274.2 231.34 750.09 262.9 706.03 131
158.47 148.9 525.89 260.49 568.14 329.04 409.3
226.07 305.86 280.5 261.66 342.96 479.28 410.6
415.24 244.35 361.97 255.56 143.72 444.76 608.26
415.04 466.66 429.83 366.93 352.47 462.34 606.06
515.87 390.64 351.2 570.42 30.63 339.75 608.4
368.04 241.92 365.29 532.84 388.25 154.78 210.62
529.39 243.25 454.18 311.03 664.05 520.39 588.93
458.58 209.23 530.22 218.21 483.3 492.53 235.58
137.61 418.48 411.16 153.0 484.04 569.26 518.11
339.36 243.53 649.06 77.91 195.39 283.63 488.19
408.88 443.98 575.44 504.27 157.86 582.98 539.24
501.05 569.18 397.81 114 250.05 287.42 757.72
99.63 894.08 616.72 75.12 259.35 344.79 556.49
600.61 394.89 805.5 524.54 594.0 553.93 621.33
119.28 421.33 570.18 510.8 732.78 651.76 148.95
550.81 633.39 798.06 589.77 854.03 730.23 490.76
827.89 368.73 388.2 937.4 249.82 188.11 681.18
863.85 302.12 494.19 237.46 867.91 132.6 353.19
504.08 970.61 524.27 863.99 794.43 534.53 834.0
140.17 409.64 656.43 399.53 215.89 453.37 470.82
202.6 823.96 903.05 377.17 464.66 351.82 967.9
415.09 145.33 500.77 758.05 746.2 170.49 521.08
844.14 438.72 899.12 852.33 512.89 894.74 149.75
208 369.42 223.21 320.5 447.11 534.9 118.49
579.79 285.78 512.81 384.51 169.91 545.04 455.49
293.88 248.98 314.45 462.89 448.34 84.0 616.05
586.27 422.38 287.84 620.67 208.6 141.16 317.14
533.68 440.9 319.99 528.51 359.27 183.98 302.62
438.85 578.17 448.63 177.93 369.48 417.64 182.85
291.9 394.39 438.27 469.2 165.38 466.44 451.46
639.19 403.25 76.69 547.07 365.69 693.41 323.29
424.14 338.13 617.99 605.98 303.49 363.75 412.59
540.2 523.43 226.37 463.07 195.65 372.33 435.57
276.81 352.94 637.36 532.44 415.86 304.5 571.21
538.24 431.37 536.86 508.77 318 733.79 523.86
69.17 770.87 776.77 287.59 868.36 536.16 888.94
751.65 483.25 924.44 724.26 295.41 202.75 675.98
822.95 779.46 439.47 996.66 590.08 727.21 146.59
935.55 244.73 261.61 461.37 461.21 651.24 577.64
910.46 125.89 559.71 429.49 455.39 933.79 799.95
341.65 439.75 566.67 555.41 558.61 519.84 773.14
576.03 294.4 351.74 424.87 951.63 650.15 430.7
840.01 663.82 1064.38 158.84 806.15 688.73 998.59
987.71 620.95 531.45 478.77 632.03 905.76 443.68
408.11 577.96 696.05 814.43 168.97 615.06 955.38
517.42 614.74 685.77 831.52 815.15 414.68 779.44
732.65 31 604.7 680.59 761.92 755.31 100.68
569.39 906.66 761.12 596.91 300.71 381.32 579.24
106.32 841.67 779.9 301.73 260.17 739.74 577.76
475.55 1122.53 130.39 800.97 885.55 748.68 589.84
385.15 1081.83 208.66 253.15 466.61 734.19 526.42
836.85 490.68 742.41 685.33 490.74 444.45 921.32
404.92 750.29 362.34 725.4 983.77 712.62 639.09
998.66 141.98 183.1 471.83 30.27 754.5 740.44
843.19 483.54 638.85 600.8 569.14 693.46 322.85
433.95 1051.76 489.35 745.17 573.86 467.35 715.3
384.16 663.35 215.5 890.33 1075.18 243.17 413.96
55.66 17.96 978.46 98.55 937.63 148 410.23
549.33 780.23 559.77 320.22 562.33 704.18 626.05
369.06 120.35 366.0 346.5 259.11 776.63 743.4
180.14 39.3 541.26 488.24 246.15 1008.53 184.9
779.58 670.04 702.16 587.74 480.93 996.81 371.4
325.13 231.59 780.29 395.72 733.93 624.35 516.91
478.9 517.79 558.64 787.66 313.42 608.61 495.69
527.35 854.13 654.16 752.17 910.89 204.92 311.89
426.78 207.48 584.53 505.16 816.94 266.0 457.81
365.44 333.87 532.86 443.08 566.7 916.51 255.13
637.09 700.22 340.3 535.1 161.96 697.81 301.82
672.28 973.13 391.58 244.5 290.91 244.5 890.93
319.17 765.74 375 617.43 465.64 179.59 699.08
532.01 136.04 827.6 513.24 748.71 550.46 272.63
774.35 482.29 383.29 279.35 473.28 612.18 700.72
334.94 812.01 715.33 492.74 265.79 872.55 281.51
120.22 216.9 616.47 406.32 338.13 734.81 148.88
429.74 470.79 245.97 827.16 699.68 116.14 207.24
609.31 375.06 526.18 279.94 690.71 643.99 291.16
220.17 552.94 714.61 406.89 258.31 600.12 612.42
932.73 307.9 645.97 590.05 842.6 825.69 553.13
287.02 251.25 711.94 735.96 432.06 235.48 424.1
623.83 629.19 75.96 374.81 889.51 647.74 369.89
514.09 587.44 572.96 536.21 534.69 736.48 124
333.05 547.21 901.19 454.13 550.52 682.5 571.74
608.41 205.49 241.22 511.67 160.74 486.44 824.3
821.06 314.73 217.35 432.0 545.4 31.3 987.91
407.71 867.96 512.13 774.13 708.87 672.4 1009.61
593.52 524.38 64.37 921.77 425.96 744.53 824.77
342.78 361.13 667.37 753.25 756.25 412.61 584.26
702.09 420.85 823.12 719.51 937.15 925.42 397.15
530.43 537.39 434.23 521.31 286.28 898.44 182.06
396.26 145.57 113.02 491.85 647.82 769.23 874.52
85.48 651.69 894.19 391.94 461.49 153.49 836.24
509.74 508.29 968.21 609.03 280.48 518.94 473.68
906.93 549.46 681.95 101 413.25 297.11 669.33
294.53 989.27 591.17 260.4 221.26 548.4 693.9
647.39 600.05 901.05 395.23 491.13 668.49 769.93
316.99 431.88 767.31 289.39 839.8 543.83 358.47
459.79 599.4 821.7 385.62 922.54 795.46 679.92
753.23 442.98 261.39 938.63 472.36 386.27 677.94
872.6 124.22 570.7 223.28 898.34 325.51 145.52
430.49 935.68 335.14 1007.32 871.56 560.9 955.07
226.15 633.15 534.41 573.05 355.43 665.54 679.01
277.57 863.99 916.61 153.98 656.28 286.37 950.03
501.36 282.13 663.54 700.0 820.16 379.46 309.47
904.25 567.63 1007.41 964.18 329.23 990.51 76.53
61 722.83 641.97 422.59 839.61 356.73 342.06
984.92 706.89 812.73 540.57 320.73 823.16 346.74
630.48 530.76 474.14 572.19 834.97 500.3 804.73
960.95 397.54 520.14 1008.94 526.03 342.64 118.69
868.93 233.72 255.98 749.26 357.19 549.26 699.26
48.64 924.19 813.46 247.56 52.58 829.66 441.78
712.59 82.68 822.46 873.24 523.01 199.25 802.1
583.57 273.59 378.53 464.11 777.1 994.17 562.16
693.45 716.71 877.87 853.52 711.21 134.15 11.06
943.38 759.61 640.89 131.5 516.49 770.78 638.84
320.68 275.41 1022.42 895.63 200.15 563.25 419.64
424.5 784.5 359.57 929.64 286 366.22 523.13
789.53 513.62 375.06 569.63 655.12 597.41 313.71
107.16 379.07 289.79 309.76 765.17 739.75 181.23
42.83 494.35 475.83 195.4 982.07 231.82 779.22
617.41 696.58 595.61 513.29 978.01 418.4 359.75
174.61 796.09 373.97 712.89 661.15 461.87 429.96
534.45 592.73 757.56 308.82 578.3 534.72 480.7
824.56 646.31 783.13 892.05 255.49 356.54 429.01
264.42 546.04 448.3 814.88 215.63 417.59 308.9
277.54 497.98 481.11 604.23 884.97 198.18 616.02
734.56 322.35 494.03 112.47 712.15 340.54 618.95
950.05 435.87 216.84 347.59 300.87 872.32 374.13
725.08 330 429.08 215.14 264.1 462.55 669.94
166.95 569.32 239.76 590.01 513.39 307.03 629.65
592.79 154.42 127.8 447.57 594.12 470.45 148.96
725.62 460.58 561.81 180.2 629.95 79.89 169.34
421.97 396.34 569.02 453.2 633.95 333.75 269.72
190.44 515.41 625.16 491.24 264.52 456.53 325.65
314.09 258.14 500.07 463.9 364.68 26.67 502.26
316.06 778.25 536.87 215.87 686.43 358.64 759.98
205.21 521.31 380.68 705.57 698.63 312.1 478.86
502.33 434.49 624.53 151.28 518.68 304.55 387.24
551.68 269.75 487.77 649.24 401.66 540.86 417.95
708.66 676.83 296.29 672.01 457.17
