25 25
15000.0 1.0
15000.0 1.0
15000.0 1.0
15000.0 1.0
15000.0 1.0
15000.0 1.0
15000.0 1.0
15000.0 1.0
15000.0 1.0
15000.0 1.0
15000.0 1.0
15000.0 1.0
15000.0 1.0
15000.0 1.0
15000.0 1.0
15000.0 1.0
15000.0 1.0
15000.0 1.0
15000.0 1.0
15000.0 1.0
15000.0 1.0
15000.0 1.0
15000.0 1.0
15000.0 1.0
15000.0 1.0
380 758.71 662.88 588.07 252.29 210.79 135.75
595.52 707.31 751.51 476.85 454.14 551.73 241.24
278.52 766.97 260.97 555.95 448.19 724.35 283.29
516.12 564.11 33.77 238.58 234.85 397 366.39
875.53 249.79 466.89 767.24 529.44 467.98 491.85
866.65 483.35 531.65 407.75 830.05 441.34 447.57
347.15 326.71 934.82 833.13 760.31 624.9 411.07
608.46 437.53 521.54 337 274.58 494.47 344.16
526.11 805.05 643.4 185.38 100.68 400.55 303.5
340.81 242.05 992.24 501.32 177.6 693.54 288.89
810.06 376.49 711.8 336.02 230.86 809.69 544.86
550.12 491 595.27 186.91 589.55 540.22 687.05
627.92 364.75 397.08 58.63 362.74 339.39 420.74
907.12 532.94 507.74 786.55 503.69 591.81 47.5
567.33 248.56 418.62 787.3 576.95 529.36 113
856.87 468.52 716.3 353.57 103.62 290.35 621.87
736.87 592.51 492.48 440.4 607.26 317.01 383.5
829.78 527.75 651.05 147.17 575.22 63.75 443.52
618.06 321.3 377.26 299.4 245 765.77 167.0
752.28 647.28 719.45 715.2 529.01 567.65 119.66
505.9 469.71 580.8 943.47 646.95 678.32 904.45
664.6 567.53 152.1 595.89 372.15 580.11 860.36
687.03 624.1 32 557.82 400.88 419.74 99.72
305.19 166.49 334.25 450.87 466.12 204.18 165.22
310.86 489.32 114.39 535.37 357.86 351.79 392.9
436.55 236.48 219.64 322.2 330.3 140.43 68.65
98 264.33 579.78 378.84 608.86 896.23 727.01
265.44 156.79 475.94 390.71 431.79 313.34 1079.45
582.49 169.84 757.74 342.41 904.17 455.09 804.92
430.19 301.23 891.45 624.53 636.35 121 640.77
142.74 561.92 355.56 433.9 412.43 375.05 467.94
235.67 284.82 228.48 398.08 655.95 361.46 579.91
615.3 474.42 352.71 214.68 312.94 152.36 403.55
556.87 396.42 325.16 138 651.33 374.73 517.02
179.02 231.77 186.54 416.25 531.95 466.28 286.29
236.31 400.71 438.74 202.46 623.21 417.26 447.24
295.66 440.9 142.92 257.61 411.46 321.25 214.87
127.34 72 621.48 820.58 447.76 323.94 502.31
300.66 567.2 651.54 867.47 496.29 510.17 504.64
504.8 321.64 666.47 64.26 463.28 721.45 835.09
543.18 602.93 515.14 296.54 283.19 359.08 229
783.05 203.32 688.6 415.61 367.14 431.81 518.73
616.7 338.78 414.53 354.65 533.88 589.04 431.9
727.16 664.22 604.42 216.74 329.24 246.14 296.96
540.85 542.31 454.99 370.08 240 94.65 705.09
262.33 589.09 908.58 704.58 285.13 185.0 624.7
409.98 466.09 294.9 1063.47 558.45 73.11 673.16
273.08 966.13 598.34 837.66 502.91 283.68 855.78
592.3 629.78 111 456.93 623.25 282.28 151.12
451.67 213.55 351.32 444.97 655.58 276.39 295.01
291.56 549.95 131.55 479.72 162.21 266.6 615.96
622.53 440.11 390.84 302.91 330.49 117.76 204.11
128 936.63 310.34 838.51 540.75 396.38 531.09
672.43 769.61 449.86 566.64 506.52 686.72 597.02
561.61 880.59 772.99 755.67 163.86 449.04 299.41
450.48 693.93 607.09 577.39 489.88 141 729.45
411.42 590.32 234.37 157.43 199.17 496.77 612.49
518.06 366.72 316.69 480.2 374.58 262.52 703.3
442.17 523.8 234.87 495.68 64.55 331.67 491.11
293.74 263.37 179.44 62 678.54 55.92 641.28
509.03 594.63 576.98 424.68 484.88 84.68 380.55
338.63 468.75 818.28 509.52 599.57 766.91 552.14
471.21 84.5 471.56 241.3 470.02 724.4 548.98
485.44 88 373.85 344.1 366.64 415.4 660.96
526.24 142.79 178.61 275.68 193.17 207.86 204.72
859.76 396.69 293.39 625.66 284.04 649.49 245.48
560.28 178.21 200.03 694.61 442.74 427.18 47
306.23 514.76 169.01 224.03 548.33 339.71 152.72
247.81 509.83 122.11 173.75 92.21 698.72 193.3
300.44 360.32 97.75 642.14 476.08 491.19 263.95
103.84 495.4 228.63 267.0 445 673.59 104.68
649.94 545.41 645.0 619.04 428.46 476.9 38.23
399.81 363.67 477.76 868.38 543.62 590.16 801.01
561.62 522.27 55.71 522.18 266.23 477.7 769.69
584.66 525.23 239 104.2 622.92 214.26 508.28
823.58 625.22 196.15 101.39 550.39 321.79 377.36
209.25 984.13 478.31 15.98 613.93 200.58 877.19
522.37 750.1 414.69 197.59 780.57 514.47 546.65
126 750.59 668.4 579.23 248.64 224.03 133.96
591.27 702.37 755.02 474.01 452.94 546.39 251.55
273.94 760.35 247.53 548.75 460.34 727.51 293.97
517.04 558.77 35.04 232.9 234.15 424 672.26
696.89 496.99 221.09 323.45 144.09 543.83 648.11
766.3 440.14 432.74 491.27 351.76 236.17 692.88
138.94 479.21 546.89 736.24 371.18 511.75 503.4
129.75 190.03 231.86 354 335.16 377.83 299.94
349.98 618.09 464.45 76.51 158.27 333.27 124.1
154.07 131.42 807.6 328.69 269.22 550.34 213.77
634.0 300.81 526.19 162.32 128.69 632.46 374.23
367.93 349 371.88 383.9 402.38 496.18 742.57
608.21 193.26 175.83 287.76 271.65 290.4 258.7
942.5 476.31 279.87 697.86 328.77 721.05 263.51
639.89 256.67 251.0 776.59 522.13 509.54
